# Country Folk Indie Jazz Metal Pop Rock
0.02599 0.00666 0.01305 0.01176 0.09755 0.24763 0.59737
0.04720 0.01215 0.03457 0.06166 0.03752 0.37150 0.43539
0.12835 0.03712 0.01528 0.05319 0.10482 0.29391 0.36734
0.01431 0.00853 0.00846 0.00899 0.13662 0.41954 0.40354
0.23336 0.02108 0.01093 0.03360 0.08811 0.09435 0.51858
0.08139 0.03828 0.01390 0.03558 0.18994 0.16622 0.47469
0.10528 0.00689 0.01132 0.04939 0.02488 0.10099 0.70124
0.08223 0.02163 0.01891 0.08238 0.04918 0.26706 0.47861
0.08699 0.02179 0.07681 0.03262 0.03995 0.33774 0.40410
0.07459 0.09829 0.02172 0.09927 0.02325 0.12524 0.55764
0.40616 0.01432 0.00116 0.00923 0.01531 0.05311 0.50072
0.04241 0.08832 0.05595 0.03126 0.14448 0.04500 0.59259
0.08515 0.08528 0.01627 0.01247 0.03227 0.03939 0.72918
0.02336 0.00976 0.01365 0.01892 0.02228 0.56041 0.35163
0.09573 0.02004 0.00534 0.06595 0.02222 0.35107 0.43966
0.18181 0.01471 0.00831 0.06300 0.01334 0.38666 0.33218
0.19234 0.06092 0.01179 0.01826 0.00721 0.02716 0.68232
0.05552 0.01857 0.01688 0.02223 0.01789 0.28119 0.58771
0.13330 0.05302 0.02116 0.04025 0.02803 0.28209 0.44214
0.02177 0.04039 0.01467 0.04919 0.04453 0.19352 0.63594
0.02684 0.01266 0.01562 0.01507 0.37504 0.12080 0.43396
0.10584 0.03182 0.00771 0.06456 0.01161 0.50220 0.27625
0.36076 0.08896 0.02178 0.01631 0.01143 0.09380 0.40696
0.19997 0.09521 0.02499 0.03290 0.03902 0.10347 0.50443
0.01930 0.01980 0.00246 0.02282 0.14113 0.06655 0.72794
0.57784 0.02274 0.00283 0.00339 0.01044 0.13229 0.25046
0.01292 0.00248 0.00693 0.01315 0.07231 0.62391 0.26830
0.00264 0.00632 0.01682 0.00294 0.89185 0.01143 0.06799
0.03639 0.01756 0.00970 0.08390 0.08559 0.30958 0.45728
0.07027 0.01786 0.03297 0.08333 0.01674 0.21985 0.55899
0.03352 0.03570 0.05058 0.02748 0.28606 0.11729 0.44936
0.09111 0.02245 0.00605 0.02079 0.06233 0.10313 0.69415
0.17394 0.10916 0.01285 0.10689 0.01842 0.11159 0.46714
0.11712 0.02027 0.02452 0.02150 0.11509 0.13069 0.57081
0.08302 0.02851 0.04528 0.00533 0.09254 0.26279 0.48253
0.07400 0.02070 0.02492 0.02861 0.17558 0.20464 0.47156
0.10557 0.00290 0.01457 0.01890 0.02408 0.45717 0.37681
0.11673 0.04146 0.00580 0.01001 0.05567 0.09003 0.68030
0.14163 0.02204 0.00702 0.04874 0.03401 0.24800 0.49857
0.02204 0.03643 0.04632 0.02122 0.09585 0.32134 0.45680
0.04050 0.05301 0.02083 0.03583 0.03664 0.22878 0.58440
0.16274 0.04510 0.01293 0.01330 0.02498 0.13421 0.60673
0.04186 0.02114 0.01365 0.04014 0.03232 0.68024 0.17065
0.02930 0.03543 0.01429 0.00609 0.14837 0.07672 0.68980
0.23152 0.11764 0.01151 0.03545 0.02945 0.10548 0.46896
0.02407 0.01566 0.00828 0.00943 0.40475 0.12079 0.41702
0.08216 0.01120 0.02087 0.02009 0.02309 0.27106 0.57153
0.05475 0.01104 0.00276 0.02436 0.02145 0.24454 0.64110
0.03949 0.01882 0.02202 0.05761 0.01837 0.21410 0.62959
0.10419 0.01241 0.00427 0.01268 0.01094 0.45751 0.39801
0.03054 0.03012 0.02353 0.02460 0.16849 0.04441 0.67831
0.00697 0.02167 0.02347 0.00181 0.67985 0.04367 0.22256
0.16215 0.03962 0.02816 0.04600 0.03794 0.13749 0.54864
0.34604 0.02559 0.00513 0.03482 0.01494 0.10307 0.47040
0.02914 0.01363 0.05012 0.00698 0.11729 0.35229 0.43056
0.07171 0.01319 0.01152 0.03151 0.03035 0.36114 0.48057
0.06739 0.01627 0.01764 0.07551 0.03869 0.11288 0.67161
0.04383 0.01701 0.02963 0.04548 0.13553 0.17293 0.55559
0.09603 0.00402 0.01730 0.01068 0.01369 0.52625 0.33203
0.08385 0.02487 0.01982 0.02797 0.10587 0.12909 0.60853
0.09848 0.17728 0.02723 0.06883 0.05164 0.06153 0.51501
0.04856 0.02379 0.01059 0.01181 0.02508 0.08732 0.79286
0.05251 0.04463 0.00729 0.03460 0.02022 0.16976 0.67099
0.04654 0.03589 0.04735 0.04449 0.09181 0.10064 0.63327
0.01313 0.02560 0.00950 0.00255 0.36752 0.03487 0.54682
0.14894 0.08413 0.04651 0.02362 0.07617 0.25719 0.36343
0.11465 0.07510 0.02375 0.01421 0.11464 0.06860 0.58904
0.03377 0.02301 0.01735 0.22831 0.02716 0.12840 0.54200
0.55399 0.00810 0.00459 0.02511 0.01317 0.02824 0.36681
0.04545 0.04755 0.02598 0.05634 0.14905 0.03507 0.64057
0.03683 0.02343 0.01408 0.04113 0.03004 0.44976 0.40472
0.01963 0.01621 0.00425 0.00257 0.08945 0.09816 0.76972
0.19247 0.01058 0.00900 0.24401 0.06429 0.17410 0.30554
0.09197 0.04065 0.01250 0.10327 0.15609 0.09924 0.49628
0.02119 0.01962 0.02295 0.04030 0.11713 0.07846 0.70036
0.06292 0.02249 0.01037 0.02586 0.04984 0.25446 0.57406
0.03968 0.00447 0.00279 0.08057 0.00816 0.40248 0.46185
0.29364 0.03071 0.03816 0.08745 0.02316 0.15829 0.36859
0.21317 0.00893 0.00941 0.05256 0.02043 0.38614 0.30937
0.05964 0.03991 0.03639 0.02426 0.09870 0.13197 0.60912
0.03844 0.00397 0.01034 0.10015 0.00217 0.68523 0.15969
0.08351 0.02038 0.00817 0.00845 0.06960 0.11772 0.69216
0.01215 0.01127 0.01765 0.00655 0.10918 0.15755 0.68565
0.03541 0.00849 0.01995 0.01906 0.00857 0.75536 0.15317
0.00960 0.03462 0.07211 0.02692 0.07590 0.10818 0.67268
0.13339 0.01239 0.01207 0.06789 0.01024 0.31072 0.45330
0.03614 0.02105 0.02998 0.06764 0.02287 0.24956 0.57276
0.06662 0.00838 0.01202 0.01234 0.04076 0.46041 0.39947
0.03097 0.03084 0.00520 0.00517 0.03231 0.13771 0.75780
0.02283 0.07778 0.01679 0.04602 0.02045 0.49987 0.31625
0.15940 0.03387 0.00857 0.02954 0.09810 0.22503 0.44549
0.03743 0.02008 0.06628 0.02877 0.04350 0.35046 0.45350
0.03811 0.00634 0.01169 0.00243 0.32159 0.13161 0.48823
0.33810 0.00350 0.00054 0.07421 0.00430 0.16122 0.41812
0.01537 0.01442 0.02345 0.02143 0.03741 0.30673 0.58120
0.02325 0.01165 0.03690 0.03040 0.17552 0.32695 0.39534
0.07898 0.00905 0.00962 0.00860 0.02466 0.25776 0.61133
0.44069 0.02075 0.00664 0.01990 0.01066 0.05288 0.44847
0.03120 0.00260 0.00444 0.00609 0.00932 0.71263 0.23371
0.08319 0.05408 0.02014 0.02948 0.11425 0.13827 0.56059
0.02399 0.00390 0.00277 0.30893 0.00129 0.45135 0.20776
0.05096 0.00990 0.01646 0.01108 0.03341 0.08334 0.79486
0.15014 0.03276 0.01480 0.01223 0.03441 0.37619 0.37946
0.00652 0.01027 0.01341 0.00543 0.18116 0.13530 0.64791
0.04355 0.01374 0.00985 0.12482 0.00562 0.14884 0.65357
0.07529 0.03131 0.02842 0.03025 0.06996 0.36118 0.40359
0.39084 0.03878 0.00542 0.02878 0.00648 0.13100 0.39869
0.05711 0.15563 0.01683 0.01530 0.36219 0.03953 0.35341
0.04609 0.00527 0.03043 0.01618 0.00956 0.69116 0.20130
0.15049 0.03741 0.00429 0.02928 0.01581 0.30151 0.46120
0.09298 0.01062 0.00578 0.01997 0.03554 0.06906 0.76604
0.02393 0.01429 0.01623 0.01692 0.02619 0.21514 0.68731
0.12226 0.02479 0.01099 0.00539 0.10517 0.19076 0.54064
0.03195 0.01224 0.00928 0.02128 0.16883 0.29138 0.46504
0.13801 0.11458 0.00975 0.00860 0.05485 0.17340 0.50081
0.01514 0.01279 0.01064 0.04157 0.06916 0.19901 0.65168
0.03646 0.01717 0.01125 0.01056 0.17721 0.14137 0.60597
0.18895 0.15798 0.00379 0.09842 0.01595 0.05529 0.47963
0.54626 0.01391 0.00408 0.01276 0.01503 0.02924 0.37873
0.05605 0.02044 0.01044 0.02588 0.16784 0.21385 0.50550
0.12819 0.02649 0.03819 0.04650 0.09278 0.14281 0.52503
0.03481 0.02440 0.03256 0.05901 0.06689 0.28309 0.49924
0.04047 0.00880 0.00405 0.01302 0.09199 0.12508 0.71659
0.11856 0.01444 0.00804 0.17123 0.00506 0.43681 0.24585
0.06670 0.04883 0.03499 0.01044 0.04751 0.09528 0.69625
0.08378 0.04091 0.00903 0.04946 0.02453 0.19279 0.59951
0.01609 0.02008 0.01188 0.00646 0.09167 0.08821 0.76561
0.54382 0.02697 0.02087 0.03707 0.01913 0.01439 0.33775
0.09365 0.02452 0.00955 0.02109 0.01069 0.47502 0.36548
0.13447 0.06230 0.02571 0.16213 0.02811 0.29197 0.29531
0.04970 0.01641 0.03621 0.03406 0.01303 0.38348 0.46710
0.00608 0.00770 0.01288 0.01214 0.34585 0.22110 0.39426
0.03393 0.01271 0.01366 0.03733 0.02751 0.43746 0.43741
0.15599 0.00844 0.00742 0.02330 0.04793 0.38248 0.37444
0.10140 0.02255 0.00604 0.05527 0.03577 0.36737 0.41159
0.05184 0.00624 0.00419 0.02683 0.01314 0.18072 0.71705
0.09032 0.01471 0.00804 0.05435 0.09872 0.23113 0.50272
0.04733 0.04775 0.06514 0.02876 0.08924 0.29004 0.43174
0.05051 0.11500 0.01916 0.00585 0.08922 0.22210 0.49817
0.26222 0.05358 0.01251 0.04766 0.03197 0.22522 0.36684
0.01145 0.02222 0.03103 0.02050 0.27959 0.23325 0.40197
0.00466 0.00891 0.03128 0.00514 0.48841 0.02254 0.43906
0.03948 0.02147 0.00814 0.71423 0.01548 0.12390 0.07730
0.03765 0.00336 0.00319 0.02569 0.00991 0.41823 0.50197
0.25649 0.05677 0.01862 0.24573 0.02809 0.18658 0.20772
0.16249 0.03362 0.01242 0.03002 0.03900 0.22706 0.49538
0.05806 0.00387 0.01350 0.01827 0.11230 0.50801 0.28599
0.12698 0.01065 0.01373 0.29398 0.00407 0.39358 0.15701
0.06837 0.07883 0.02313 0.01812 0.38576 0.04771 0.37807
0.64340 0.01580 0.00247 0.03732 0.00810 0.01033 0.28260
0.06756 0.19922 0.02834 0.01727 0.03618 0.03076 0.62067
0.02051 0.01430 0.07511 0.03142 0.02186 0.45862 0.37819
0.05265 0.01819 0.00469 0.01396 0.01704 0.63403 0.25946
0.05819 0.03008 0.02634 0.01444 0.03817 0.09184 0.74094
0.02237 0.02072 0.02610 0.03520 0.05186 0.34933 0.49441
0.05612 0.03212 0.01501 0.14875 0.01965 0.37643 0.35191
0.07049 0.00659 0.00947 0.02087 0.01308 0.67251 0.20699
0.20922 0.01314 0.00575 0.03630 0.02203 0.11808 0.59548
0.01633 0.04224 0.02928 0.01020 0.23472 0.17789 0.48934
0.04696 0.02806 0.04881 0.04743 0.05143 0.28722 0.49009
0.05697 0.00422 0.00740 0.00766 0.03269 0.12585 0.76522
0.06172 0.01166 0.00401 0.07551 0.00777 0.40814 0.43120
0.01673 0.00934 0.01468 0.00564 0.64989 0.12601 0.17771
0.09308 0.03338 0.04808 0.06138 0.01664 0.32042 0.42702
0.14201 0.06148 0.00830 0.16258 0.10369 0.18698 0.33496
0.03146 0.01079 0.04774 0.07236 0.04747 0.23623 0.55394
0.03300 0.01169 0.01083 0.07266 0.05262 0.06454 0.75464
0.06378 0.00378 0.01572 0.00746 0.01979 0.20143 0.68803
0.01404 0.00720 0.00932 0.01347 0.01225 0.08977 0.85395
0.07481 0.01687 0.03165 0.08727 0.06711 0.38639 0.33590
0.22893 0.02218 0.00105 0.08875 0.02176 0.03605 0.60128
0.52113 0.02250 0.00749 0.02077 0.03014 0.04755 0.35043
0.23289 0.04230 0.02073 0.01705 0.06036 0.15862 0.46805
0.29370 0.02813 0.00358 0.00515 0.02311 0.09506 0.55128
0.03781 0.01556 0.01400 0.24725 0.08061 0.22421 0.38056
0.18468 0.01644 0.00422 0.03094 0.07304 0.34252 0.34817
0.01781 0.01441 0.00730 0.01798 0.05353 0.16214 0.72683
0.21976 0.05777 0.02072 0.03054 0.05563 0.16299 0.45259
0.05531 0.03319 0.00760 0.04367 0.10102 0.28118 0.47804
0.10707 0.02455 0.00530 0.02916 0.01882 0.29301 0.52210
0.09521 0.01869 0.00485 0.00694 0.00872 0.04366 0.82193
0.02982 0.01776 0.01991 0.09329 0.05185 0.47832 0.30904
0.06807 0.04031 0.01900 0.01319 0.02440 0.34552 0.48951
0.14117 0.06973 0.01783 0.22117 0.01997 0.19172 0.33841
0.06574 0.04106 0.01538 0.01364 0.02421 0.03756 0.80241
0.04290 0.01623 0.01225 0.04699 0.04039 0.25129 0.58995
0.07018 0.05013 0.03645 0.01453 0.11715 0.10184 0.60972
0.05626 0.05655 0.00871 0.02597 0.12065 0.17428 0.55758
0.74938 0.01337 0.00421 0.06279 0.01967 0.01515 0.13543
0.04364 0.00997 0.01269 0.00687 0.04908 0.17779 0.69996
0.08878 0.01951 0.02954 0.03071 0.01791 0.35757 0.45597
0.07648 0.03924 0.02747 0.02677 0.06137 0.16896 0.59973
0.04411 0.01444 0.02904 0.01550 0.12689 0.11872 0.65130
0.24086 0.00996 0.01189 0.13185 0.00444 0.38632 0.21469
0.25123 0.03415 0.01795 0.04822 0.22166 0.05248 0.37430
0.27527 0.03480 0.01384 0.02115 0.02864 0.22389 0.40239
0.13786 0.03110 0.00359 0.05260 0.01833 0.25495 0.50158
0.09114 0.05403 0.01941 0.04984 0.06317 0.29911 0.42329
0.01670 0.00783 0.00460 0.01492 0.00899 0.70568 0.24129
0.21476 0.02362 0.03418 0.13396 0.06010 0.28724 0.24613
0.00654 0.00360 0.00242 0.01082 0.01556 0.72873 0.23234
0.08231 0.02549 0.01499 0.06711 0.03412 0.14620 0.62978
0.22416 0.03769 0.01868 0.01523 0.05658 0.15370 0.49395
0.12726 0.02210 0.00846 0.12173 0.00565 0.41441 0.30039
0.10323 0.02050 0.03840 0.02271 0.08646 0.09489 0.63382
0.11778 0.02770 0.02627 0.07395 0.02565 0.33271 0.39595
0.01853 0.00946 0.02015 0.00763 0.09402 0.07335 0.77685
0.03825 0.04569 0.01494 0.01965 0.00710 0.19639 0.67797
0.07988 0.04478 0.02947 0.03314 0.08393 0.07228 0.65652
0.03424 0.05441 0.00795 0.26000 0.01817 0.35139 0.27384
0.20379 0.00284 0.00106 0.02201 0.00152 0.62752 0.14127
0.12358 0.00791 0.00273 0.00932 0.00831 0.14655 0.70160
0.06410 0.01673 0.01381 0.04501 0.02895 0.26862 0.56279
0.16227 0.00985 0.01963 0.06863 0.00958 0.24447 0.48559
0.00526 0.00855 0.01606 0.00344 0.77051 0.01747 0.17871
0.66845 0.09478 0.00975 0.01822 0.02612 0.03460 0.14810
0.01257 0.00324 0.00429 0.00749 0.00416 0.68471 0.28356
0.10725 0.08174 0.01785 0.02150 0.14335 0.10450 0.52379
0.02736 0.02063 0.01588 0.02801 0.05300 0.26579 0.58933
0.10844 0.02794 0.00977 0.01608 0.01750 0.10659 0.71369
0.46914 0.00340 0.00123 0.01348 0.00370 0.02163 0.48743
0.16255 0.08730 0.00335 0.01254 0.03575 0.17066 0.52785
0.02674 0.01295 0.01178 0.03931 0.02668 0.18145 0.70110
0.10981 0.00635 0.00164 0.00881 0.01205 0.53470 0.32664
0.04995 0.00598 0.04399 0.00798 0.05539 0.29973 0.53698
0.01580 0.00817 0.02156 0.02446 0.11769 0.25467 0.55766
0.01311 0.00764 0.01631 0.01702 0.00730 0.56026 0.37836
0.15742 0.12031 0.00517 0.31431 0.00450 0.17202 0.22626
0.14456 0.02521 0.00569 0.02360 0.01563 0.15284 0.63247
0.02241 0.02853 0.03873 0.01216 0.08800 0.24277 0.56740
0.08037 0.07957 0.03352 0.15375 0.04871 0.18745 0.41664
0.16942 0.01477 0.01856 0.11337 0.00843 0.47594 0.19951
0.33356 0.02016 0.01282 0.01203 0.04222 0.02772 0.55149
0.00817 0.03055 0.00423 0.00420 0.55020 0.03998 0.36266
0.08826 0.01865 0.00804 0.12763 0.01472 0.69002 0.05268
0.08498 0.03267 0.01023 0.02911 0.01361 0.45709 0.37230
0.02716 0.00998 0.00827 0.01921 0.03155 0.58474 0.31909
0.10549 0.11557 0.01470 0.06410 0.06431 0.41713 0.21871
0.61635 0.03650 0.00659 0.01221 0.00986 0.09985 0.21863
0.14550 0.02330 0.00253 0.06935 0.00239 0.34536 0.41158
0.09396 0.00996 0.00811 0.02211 0.10336 0.19682 0.56569
0.07397 0.05315 0.05362 0.01221 0.07418 0.06727 0.66559
0.06297 0.03748 0.02157 0.05412 0.11019 0.21276 0.50092
0.11588 0.09095 0.01575 0.03386 0.01057 0.03134 0.70166
0.02825 0.04981 0.02155 0.03055 0.34550 0.15085 0.37349
0.17933 0.04467 0.00513 0.02474 0.04700 0.03058 0.66855
0.15825 0.02535 0.01718 0.02759 0.01896 0.17754 0.57512
0.61397 0.01005 0.01087 0.06428 0.02972 0.10612 0.16500
0.01684 0.01008 0.00462 0.01009 0.03836 0.04623 0.87377
0.13557 0.03286 0.02019 0.07747 0.05564 0.23906 0.43921
0.02609 0.01888 0.03515 0.00928 0.06201 0.25063 0.59796
0.41959 0.06277 0.02088 0.01683 0.05375 0.04479 0.38139
0.08596 0.01948 0.01790 0.03211 0.03706 0.14874 0.65876
0.24537 0.13462 0.00617 0.05234 0.00927 0.18499 0.36724
0.02400 0.01506 0.02909 0.04709 0.09344 0.56446 0.22686
0.08383 0.02337 0.03378 0.03271 0.08626 0.23005 0.51000
0.03393 0.00306 0.00693 0.02114 0.10161 0.18607 0.64725
0.01122 0.02371 0.00701 0.00779 0.03143 0.26069 0.65815
0.00175 0.00598 0.01488 0.00093 0.83643 0.00709 0.13294
0.19452 0.02573 0.01072 0.00652 0.05362 0.10635 0.60254
0.03034 0.01603 0.01362 0.01035 0.03598 0.33210 0.56158
0.02906 0.02512 0.01577 0.01873 0.07570 0.14354 0.69208
0.03642 0.02040 0.15944 0.06248 0.03042 0.36481 0.32604
0.10180 0.05066 0.01767 0.04212 0.12067 0.09269 0.57439
0.01228 0.01045 0.02320 0.01596 0.09341 0.32215 0.52256
0.00746 0.02953 0.00966 0.00712 0.53695 0.06409 0.34518
0.15313 0.02198 0.00287 0.01235 0.01115 0.13928 0.65925
0.09768 0.02553 0.01255 0.02031 0.04563 0.23613 0.56217
0.01906 0.02867 0.04722 0.04366 0.06072 0.29767 0.50300
0.02421 0.00193 0.00052 0.22824 0.00483 0.38660 0.35368
0.01476 0.01740 0.01599 0.08104 0.01348 0.12761 0.72972
0.01137 0.00823 0.17643 0.02533 0.02494 0.39092 0.36279
0.06515 0.00779 0.02503 0.00876 0.05948 0.44062 0.39316
0.00865 0.02187 0.00652 0.35966 0.02676 0.37852 0.19803
0.02939 0.01003 0.01015 0.01341 0.03280 0.25652 0.64769
0.39541 0.01639 0.00722 0.02321 0.03564 0.04392 0.47820
0.03952 0.01248 0.01386 0.00746 0.56400 0.06304 0.29963
0.08483 0.02709 0.02946 0.17545 0.06842 0.35741 0.25735
0.21109 0.02245 0.00480 0.10557 0.01099 0.11664 0.52844
0.01842 0.05790 0.01545 0.03142 0.05275 0.57335 0.25071
0.12519 0.01967 0.00185 0.02415 0.00809 0.47198 0.34906
0.07047 0.00804 0.04791 0.02562 0.01731 0.39102 0.43964
0.01457 0.02631 0.02023 0.00252 0.45856 0.09716 0.38066
0.00675 0.02104 0.00824 0.01439 0.65236 0.01686 0.28036
0.16433 0.03311 0.03484 0.00659 0.18350 0.04444 0.53320
0.04556 0.02674 0.01014 0.00932 0.01073 0.07088 0.82664
0.05743 0.02570 0.00570 0.01981 0.08588 0.09894 0.70655
0.01164 0.00344 0.01415 0.00830 0.05190 0.52008 0.39048
0.05777 0.02789 0.00863 0.00740 0.07582 0.01689 0.80560
0.01447 0.06413 0.01618 0.05327 0.03170 0.27373 0.54651
0.05827 0.00580 0.02984 0.05168 0.17063 0.28240 0.40137
0.05650 0.01425 0.02158 0.09907 0.02207 0.14870 0.63782
0.00881 0.00321 0.00144 0.01576 0.00345 0.75380 0.21353
0.06260 0.06691 0.02836 0.09618 0.09965 0.13731 0.50900
0.02675 0.00898 0.00672 0.02524 0.02017 0.21388 0.69826
0.02752 0.01125 0.01535 0.01791 0.03871 0.50476 0.38449
0.06299 0.02804 0.01939 0.05415 0.03447 0.20470 0.59626
0.04442 0.03786 0.01039 0.03121 0.03426 0.24875 0.59310
0.15417 0.10599 0.02390 0.01608 0.06434 0.07736 0.55816
0.05827 0.05883 0.01610 0.17717 0.03936 0.28146 0.36882
0.18054 0.09206 0.00792 0.37589 0.01246 0.11759 0.21353
0.03541 0.00666 0.00997 0.00589 0.02481 0.07060 0.84666
0.07222 0.02016 0.01120 0.00842 0.03504 0.20627 0.64670
0.05724 0.00894 0.01081 0.02210 0.07119 0.44748 0.38225
0.02313 0.04852 0.07159 0.02157 0.13515 0.05909 0.64095
0.12256 0.03516 0.01491 0.02826 0.08073 0.11389 0.60449
0.09470 0.04390 0.01944 0.02731 0.07662 0.06317 0.67486
0.04576 0.01805 0.02342 0.00804 0.05247 0.48675 0.36550
0.05719 0.01637 0.01218 0.02406 0.03346 0.15422 0.70253
0.09419 0.00987 0.00441 0.02974 0.02019 0.62671 0.21489
0.11118 0.03079 0.02706 0.03443 0.03325 0.41259 0.35070
0.01411 0.00424 0.02474 0.00234 0.02361 0.47637 0.45460
0.35260 0.05537 0.00617 0.02012 0.00960 0.03070 0.52544
0.02830 0.00852 0.01031 0.05027 0.01025 0.58101 0.31134
0.16761 0.02675 0.01738 0.05140 0.05789 0.12727 0.55170
0.03056 0.00907 0.02749 0.04121 0.08510 0.21507 0.59150
0.15953 0.05188 0.01172 0.01576 0.09383 0.07647 0.59080
0.01482 0.01824 0.05666 0.01847 0.34328 0.24787 0.30065
0.09788 0.07261 0.01078 0.05280 0.25446 0.03837 0.47310
0.06349 0.02468 0.02262 0.06355 0.10651 0.15845 0.56071
0.17417 0.04204 0.00600 0.02394 0.02817 0.10158 0.62410
0.06510 0.02247 0.00988 0.01616 0.06812 0.25543 0.56285
0.17600 0.06849 0.01016 0.02560 0.04163 0.10275 0.57537
0.01416 0.01059 0.00953 0.01814 0.18679 0.44146 0.31933
0.51101 0.02628 0.01128 0.02909 0.07476 0.04719 0.30039
0.03891 0.06122 0.01314 0.11350 0.03996 0.12258 0.61068
0.20614 0.04571 0.01442 0.10256 0.03085 0.24068 0.35963
0.33748 0.00826 0.02366 0.00915 0.03509 0.35732 0.22904
0.05808 0.01048 0.01976 0.02029 0.07538 0.24403 0.57199
0.02033 0.00053 0.00105 0.00559 0.00168 0.80956 0.16126
0.22588 0.03205 0.01266 0.05182 0.01428 0.10786 0.55545
0.03446 0.03690 0.02593 0.01378 0.12461 0.05452 0.70981
0.21059 0.01629 0.00982 0.06767 0.00782 0.38863 0.29918
0.15578 0.01472 0.00097 0.03048 0.01082 0.20081 0.58643
0.04435 0.01738 0.00600 0.31514 0.01490 0.21488 0.38735
0.03050 0.00814 0.02531 0.01427 0.10266 0.20228 0.61683
0.04284 0.03181 0.00308 0.06922 0.12051 0.12445 0.60809
0.09051 0.05457 0.00580 0.01131 0.04285 0.25938 0.53558
0.07817 0.01862 0.01297 0.24883 0.06335 0.31274 0.26532
0.05249 0.01375 0.01049 0.03033 0.03041 0.06345 0.79908
0.01484 0.00502 0.01169 0.00601 0.06876 0.55606 0.33761
0.04513 0.06353 0.01092 0.01179 0.04641 0.12377 0.69846
0.04112 0.01760 0.03977 0.01787 0.05433 0.12073 0.70859
0.17892 0.05666 0.01010 0.04084 0.04066 0.23380 0.43902
0.03324 0.01491 0.01720 0.02030 0.03801 0.16719 0.70915
0.09705 0.01558 0.01264 0.01070 0.02244 0.28469 0.55690
0.06039 0.05671 0.01721 0.03130 0.06681 0.25769 0.50989
0.03893 0.01534 0.03016 0.02710 0.06550 0.35493 0.46805
0.01326 0.06780 0.01901 0.00719 0.20942 0.11460 0.56873
0.18644 0.04728 0.02598 0.09092 0.04398 0.12308 0.48231
0.10643 0.02120 0.02345 0.06270 0.07725 0.22231 0.48666
0.11920 0.02747 0.00795 0.01188 0.06014 0.06932 0.70403
0.00838 0.02354 0.03126 0.02964 0.10810 0.36230 0.43679
0.05116 0.03702 0.01322 0.01503 0.11722 0.23647 0.52988
0.23257 0.02860 0.00787 0.26985 0.03142 0.28561 0.14408
0.09086 0.02593 0.02051 0.00856 0.03014 0.06293 0.76107
0.07053 0.02428 0.01501 0.03489 0.03046 0.13199 0.69285
0.01462 0.02170 0.01253 0.01009 0.09778 0.17867 0.66461
0.06916 0.01398 0.01884 0.01740 0.02442 0.30116 0.55503
0.18343 0.14685 0.00265 0.01504 0.01497 0.09818 0.53887
0.06157 0.01964 0.00637 0.01390 0.05510 0.01935 0.82408
0.12865 0.00337 0.00714 0.07945 0.00610 0.34810 0.42718
0.07565 0.02133 0.02225 0.09614 0.00627 0.31663 0.46173
0.09501 0.05547 0.01297 0.04246 0.09468 0.10874 0.59067
0.10489 0.03124 0.01328 0.01929 0.01736 0.10685 0.70708
0.13042 0.04590 0.01489 0.12679 0.01607 0.35510 0.31082
0.03140 0.00653 0.00819 0.01602 0.04170 0.30550 0.59066
0.16494 0.05135 0.01018 0.02335 0.10594 0.15649 0.48776
0.13947 0.02304 0.00556 0.07100 0.00877 0.35777 0.39439
0.22841 0.02703 0.00569 0.04136 0.04242 0.12254 0.53254
0.01299 0.08352 0.02615 0.00287 0.54555 0.07096 0.25796
0.07648 0.04788 0.03517 0.15379 0.02436 0.16533 0.49700
0.14129 0.05527 0.03011 0.46519 0.01344 0.02546 0.26923
0.01451 0.00474 0.00259 0.00053 0.89069 0.00388 0.08306
0.06459 0.00692 0.00313 0.01240 0.02740 0.30386 0.58170
0.11802 0.03604 0.01730 0.00867 0.29352 0.06302 0.46343
0.04605 0.05442 0.00648 0.01818 0.02701 0.07277 0.77509
0.02397 0.02881 0.01587 0.07903 0.02046 0.22649 0.60537
0.11965 0.01481 0.00610 0.01452 0.02626 0.06082 0.75784
0.13726 0.01499 0.00929 0.21592 0.00785 0.36545 0.24924
0.02547 0.01102 0.01112 0.00814 0.03628 0.32811 0.57985
0.00631 0.00380 0.00605 0.00139 0.81871 0.00847 0.15526
0.08218 0.03105 0.00378 0.01980 0.02661 0.15007 0.68651
0.05488 0.02945 0.02065 0.02244 0.03457 0.33698 0.50103
0.19857 0.04843 0.00648 0.03504 0.01962 0.17142 0.52043
0.14298 0.01492 0.00402 0.01289 0.00435 0.64944 0.17141
0.16035 0.03265 0.01439 0.01609 0.20184 0.12669 0.44799
0.02323 0.03289 0.02360 0.02606 0.23292 0.12805 0.53324
0.10872 0.08723 0.02725 0.04593 0.17980 0.12567 0.42539
0.08021 0.02297 0.03173 0.02746 0.02537 0.18586 0.62640
0.03751 0.01190 0.01024 0.03311 0.03377 0.70737 0.16610
0.12492 0.03520 0.00979 0.04830 0.05986 0.17009 0.55184
0.45370 0.01344 0.00575 0.01244 0.00885 0.02870 0.47712
0.13677 0.00628 0.00412 0.07454 0.02062 0.19547 0.56219
0.16461 0.00526 0.01076 0.06411 0.02253 0.33881 0.39393
0.08178 0.02285 0.01414 0.05280 0.07812 0.34733 0.40297
0.01912 0.02809 0.02061 0.01741 0.03088 0.33049 0.55339
0.10053 0.03126 0.01148 0.04520 0.24140 0.13527 0.43486
0.01403 0.00442 0.00664 0.01841 0.02557 0.63358 0.29735
0.15309 0.05366 0.00928 0.04471 0.01669 0.17467 0.54789
0.04596 0.01677 0.00918 0.12352 0.00982 0.25758 0.53718
0.10132 0.01682 0.01290 0.06399 0.01394 0.19380 0.59724
0.06020 0.01755 0.02277 0.07715 0.10670 0.19560 0.52002
0.13984 0.27083 0.01353 0.05309 0.02879 0.14689 0.34703
0.18149 0.09233 0.00965 0.02450 0.04855 0.32374 0.31975
0.06224 0.01664 0.01943 0.01856 0.18571 0.03874 0.65867
0.08399 0.01134 0.00826 0.00854 0.00396 0.52187 0.36205
0.06019 0.04761 0.01231 0.08639 0.02865 0.08041 0.68444
0.06773 0.01470 0.01152 0.07814 0.03631 0.22669 0.56491
0.03322 0.02502 0.01258 0.01721 0.15297 0.05590 0.70312
0.16884 0.03131 0.03127 0.08705 0.06422 0.20753 0.40978
0.03024 0.07907 0.03540 0.06574 0.12449 0.09929 0.56576
0.04455 0.01490 0.02113 0.00851 0.07416 0.15195 0.68479
0.26258 0.05340 0.01199 0.09378 0.01221 0.25406 0.31198
0.05709 0.02564 0.01998 0.00691 0.10980 0.16977 0.61081
0.01263 0.01050 0.03610 0.00681 0.20670 0.45156 0.27570
0.02672 0.00302 0.00409 0.01807 0.01040 0.82907 0.10863
0.03365 0.00918 0.01784 0.15367 0.01064 0.38446 0.39055
0.02158 0.00621 0.02289 0.01157 0.21051 0.26571 0.46154
0.00842 0.00261 0.00743 0.04411 0.08142 0.13976 0.71625
0.11285 0.05816 0.01875 0.01796 0.03660 0.25287 0.50281
0.08771 0.00931 0.00995 0.18113 0.12401 0.32254 0.26535
0.23516 0.05335 0.01623 0.03214 0.05394 0.17555 0.43362
0.06476 0.01535 0.00734 0.01797 0.01747 0.06980 0.80730
0.03960 0.02056 0.03884 0.01733 0.02123 0.20831 0.65413
0.01739 0.00815 0.00598 0.00365 0.04600 0.48307 0.43574
0.13403 0.06880 0.01068 0.03565 0.08289 0.12339 0.54456
0.05853 0.04458 0.03102 0.03920 0.16145 0.19381 0.47141
0.13429 0.02168 0.00565 0.03117 0.02865 0.08341 0.69515
0.09615 0.26276 0.02413 0.03219 0.06382 0.07579 0.44515
0.08955 0.01525 0.00802 0.08175 0.00459 0.52477 0.27607
0.10400 0.01685 0.01278 0.01434 0.10931 0.14849 0.59423
0.03720 0.02521 0.04660 0.01903 0.09913 0.10287 0.66996
0.58781 0.02360 0.00433 0.03123 0.03223 0.12814 0.19265
0.24048 0.02744 0.00401 0.00994 0.00876 0.05477 0.65460
0.01525 0.03407 0.01336 0.00722 0.56378 0.05333 0.31300
0.06045 0.01607 0.02133 0.01249 0.02313 0.53534 0.33120
0.04278 0.01394 0.00734 0.01120 0.01108 0.45706 0.45661
0.04378 0.00600 0.02452 0.00880 0.05968 0.26601 0.59122
0.15128 0.02604 0.01269 0.11150 0.06986 0.13688 0.49175
0.08486 0.01167 0.00413 0.02188 0.03574 0.02316 0.81855
0.05773 0.05666 0.01567 0.02177 0.03500 0.41094 0.40222
0.01780 0.04094 0.02616 0.00369 0.25417 0.08215 0.57510
0.07928 0.05735 0.03662 0.06701 0.05561 0.22925 0.47489
0.01388 0.01027 0.00995 0.10111 0.06182 0.28332 0.51965
0.02848 0.01537 0.00913 0.01898 0.15055 0.35825 0.41924
0.10417 0.10997 0.06895 0.03306 0.02438 0.15213 0.50734
0.02765 0.02923 0.00783 0.02665 0.24427 0.07574 0.58863
0.01884 0.01293 0.01619 0.02685 0.02994 0.30209 0.59316
0.00793 0.00866 0.00740 0.00796 0.04372 0.25673 0.66760
0.16341 0.05198 0.00858 0.01389 0.05465 0.02769 0.67978
0.03760 0.00334 0.00831 0.01383 0.09398 0.29436 0.54858
0.01453 0.01260 0.01960 0.00564 0.49333 0.02952 0.42478
0.09377 0.01075 0.00168 0.02057 0.01486 0.31657 0.54180
0.06443 0.02778 0.02022 0.18955 0.03688 0.19023 0.47091
0.02113 0.02542 0.02122 0.01152 0.20271 0.08775 0.63025
0.10365 0.00291 0.00355 0.02158 0.00288 0.68054 0.18489
0.06441 0.00741 0.00457 0.05786 0.00522 0.48115 0.37938
0.07912 0.02123 0.00927 0.03178 0.01663 0.28960 0.55236
0.05214 0.04118 0.02435 0.04631 0.03519 0.29955 0.50129
0.42668 0.01233 0.00934 0.02715 0.13914 0.10470 0.28065
0.03322 0.02472 0.00574 0.00606 0.07542 0.02099 0.83385
0.11624 0.02213 0.00483 0.02563 0.00840 0.09799 0.72477
0.00817 0.01141 0.01010 0.02957 0.04352 0.21010 0.68714
0.12035 0.04163 0.03082 0.06041 0.03908 0.26535 0.44237
0.03018 0.01545 0.01534 0.00451 0.23746 0.28315 0.41391
0.02784 0.00484 0.00540 0.01377 0.01310 0.58043 0.35461
0.02496 0.03216 0.01516 0.02947 0.12691 0.07847 0.69287
0.00339 0.00395 0.00334 0.00061 0.94507 0.00645 0.03719
0.10336 0.01915 0.01901 0.08348 0.03594 0.27337 0.46569
0.07445 0.02352 0.01921 0.03979 0.02234 0.33969 0.48099
0.56088 0.02175 0.00435 0.12698 0.00430 0.15391 0.12781
0.05458 0.01435 0.00814 0.11151 0.00780 0.23139 0.57223
0.02150 0.01936 0.03354 0.02383 0.02634 0.19237 0.68306
0.02040 0.04426 0.04049 0.01538 0.15591 0.22507 0.49850
0.06249 0.02333 0.02034 0.12111 0.02031 0.59384 0.15859
0.04128 0.01520 0.00902 0.03860 0.07687 0.08680 0.73224
0.02054 0.03572 0.03771 0.02478 0.27283 0.08886 0.51955
0.03289 0.02812 0.00707 0.00796 0.02534 0.03262 0.86601
0.15574 0.03911 0.00911 0.03633 0.10176 0.13936 0.51858
0.03523 0.26877 0.01671 0.02123 0.31006 0.10513 0.24286
0.08891 0.02128 0.00781 0.03913 0.01620 0.17201 0.65465
0.01764 0.00910 0.01922 0.00719 0.25936 0.22860 0.45888
0.02276 0.01712 0.01635 0.19033 0.00775 0.37537 0.37032
0.02391 0.00259 0.00391 0.00662 0.04396 0.30706 0.61195
0.03297 0.03606 0.02456 0.05250 0.01829 0.21013 0.62548
0.20149 0.12845 0.01207 0.07904 0.01360 0.04202 0.52332
0.15347 0.08941 0.00628 0.41106 0.00776 0.16111 0.17091
0.02230 0.05455 0.03839 0.02289 0.18639 0.16220 0.51328
0.01425 0.02723 0.04105 0.03615 0.18901 0.18529 0.50702
0.03399 0.01989 0.02094 0.01242 0.05621 0.41519 0.44136
0.09688 0.01473 0.03409 0.02669 0.00987 0.49518 0.32257
0.06022 0.14422 0.03744 0.02335 0.06433 0.20231 0.46813
0.00935 0.01237 0.07098 0.02126 0.48310 0.12034 0.28261
0.02928 0.00159 0.00209 0.00172 0.01034 0.62569 0.32930
0.03011 0.02165 0.01674 0.06696 0.02596 0.34604 0.49255
0.00938 0.00134 0.00611 0.00892 0.03361 0.21300 0.72764
0.05089 0.01411 0.02140 0.02093 0.08109 0.30211 0.50947
0.13726 0.12509 0.02681 0.01925 0.03017 0.21403 0.44739
0.02541 0.07569 0.02628 0.02022 0.06976 0.07355 0.70909
0.05855 0.14449 0.02145 0.14767 0.08397 0.17273 0.37114
0.04699 0.02422 0.01331 0.01117 0.30791 0.21627 0.38013
0.08421 0.01657 0.00155 0.03456 0.04799 0.07882 0.73630
0.17415 0.06033 0.01682 0.03518 0.02247 0.26427 0.42677
0.12290 0.02503 0.01884 0.04408 0.02333 0.11503 0.65079
0.03788 0.03290 0.01173 0.01321 0.37205 0.06550 0.46673
0.07409 0.03312 0.01586 0.05200 0.01843 0.16242 0.64408
0.03197 0.01839 0.01216 0.02466 0.06414 0.33105 0.51761
0.03092 0.01134 0.01696 0.02631 0.03231 0.24824 0.63391
0.15560 0.02800 0.00941 0.01679 0.03423 0.07694 0.67903
0.05567 0.03314 0.01345 0.03424 0.01771 0.27654 0.56925
0.11734 0.00722 0.00659 0.02078 0.01065 0.20626 0.63116
0.13229 0.11680 0.01473 0.03790 0.01675 0.15330 0.52823
0.09232 0.01528 0.01886 0.06301 0.08190 0.16513 0.56350
0.04572 0.00578 0.00507 0.02074 0.00946 0.36421 0.54902
0.06005 0.00875 0.03792 0.03668 0.02796 0.54472 0.28393
0.04701 0.02457 0.01054 0.02952 0.06937 0.25228 0.56671
0.01009 0.01769 0.01221 0.01923 0.02439 0.58559 0.33080
0.04870 0.02499 0.01134 0.08397 0.04663 0.20984 0.57453
0.09986 0.01465 0.01116 0.07896 0.03343 0.22567 0.53627
0.18326 0.02494 0.00416 0.02040 0.04838 0.10460 0.61427
0.03901 0.00512 0.00333 0.04160 0.00507 0.60634 0.29954
0.04542 0.00879 0.02380 0.35713 0.00913 0.31846 0.23727
0.02731 0.04880 0.01849 0.07143 0.04316 0.34427 0.44654
0.10666 0.01874 0.01372 0.05239 0.10431 0.13366 0.57052
0.01868 0.00171 0.00103 0.01182 0.00189 0.78413 0.18073
0.13813 0.02265 0.00637 0.05926 0.02771 0.15869 0.58720
0.06742 0.01753 0.01421 0.01288 0.05424 0.20443 0.62930
0.03587 0.00126 0.01397 0.00440 0.00796 0.86934 0.06720
0.12283 0.02768 0.01613 0.20398 0.00996 0.13681 0.48262
0.08918 0.00646 0.01253 0.00516 0.01556 0.36738 0.50373
0.10330 0.05230 0.00692 0.54748 0.04554 0.10002 0.14443
0.01877 0.04958 0.03333 0.01330 0.06672 0.15239 0.66590
0.00891 0.03624 0.02202 0.00942 0.34924 0.07684 0.49733
0.29201 0.00506 0.00207 0.02549 0.00606 0.37782 0.29150
0.07496 0.05129 0.00992 0.01487 0.10048 0.12324 0.62524
0.03413 0.01504 0.01237 0.02070 0.20619 0.08225 0.62932
0.11874 0.02012 0.01293 0.02678 0.07250 0.37974 0.36918
0.30113 0.02691 0.02667 0.05115 0.05292 0.13358 0.40764
0.03104 0.00471 0.01533 0.01425 0.04275 0.42358 0.46833
0.06545 0.00995 0.05393 0.02732 0.01924 0.40080 0.42331
0.10649 0.03641 0.01860 0.05597 0.07037 0.09379 0.61837
0.09124 0.04526 0.04975 0.04842 0.02301 0.27149 0.47084
0.00885 0.01411 0.01037 0.02958 0.24446 0.08043 0.61220
0.06925 0.03378 0.02860 0.02101 0.08586 0.03292 0.72858
0.42848 0.05924 0.02757 0.01057 0.08584 0.06424 0.32406
0.07154 0.02255 0.02355 0.05108 0.13491 0.24486 0.45151
0.11132 0.03091 0.01847 0.18851 0.00839 0.33035 0.31205
0.02035 0.01654 0.01484 0.00786 0.45537 0.04014 0.44489
0.00657 0.01498 0.01357 0.00198 0.78239 0.03640 0.14411
0.00234 0.01688 0.04059 0.00653 0.74534 0.02362 0.16469
0.03088 0.02234 0.03562 0.07874 0.07291 0.45208 0.30744
0.02470 0.02630 0.01937 0.02849 0.12525 0.22356 0.55233
0.35290 0.21210 0.01251 0.04523 0.01507 0.04572 0.31647
0.07427 0.01740 0.02478 0.08470 0.05170 0.11687 0.63027
0.08116 0.01592 0.01263 0.02535 0.02984 0.25550 0.57961
0.04056 0.04878 0.00917 0.00387 0.12374 0.18405 0.58984
0.03809 0.02131 0.01636 0.06248 0.07051 0.14795 0.64330
0.09633 0.00937 0.03972 0.04453 0.03341 0.50228 0.27437
0.10073 0.03213 0.00344 0.47054 0.01611 0.19113 0.18592
0.01279 0.02481 0.01525 0.01242 0.11041 0.09023 0.73409
0.15398 0.00933 0.00708 0.00923 0.03157 0.27608 0.51274
0.05283 0.00937 0.01681 0.00684 0.28238 0.25948 0.37230
0.01203 0.00870 0.03713 0.00343 0.50980 0.09409 0.33482
0.04571 0.00439 0.01098 0.00139 0.05528 0.69375 0.18848
0.07829 0.02411 0.00746 0.02454 0.03172 0.45988 0.37400
0.01446 0.00890 0.04048 0.01184 0.02426 0.56332 0.33673
0.37500 0.01911 0.01156 0.03743 0.02154 0.04579 0.48956
0.33741 0.07228 0.00792 0.00793 0.23353 0.07231 0.26862
0.13189 0.06900 0.00877 0.01270 0.03229 0.13506 0.61029
0.09734 0.02547 0.01689 0.05017 0.02960 0.20082 0.57972
0.12117 0.06917 0.01033 0.02221 0.02471 0.29698 0.45545
0.01793 0.00873 0.00787 0.00688 0.08053 0.08321 0.79485
0.27479 0.01437 0.00464 0.14428 0.01511 0.16275 0.38406
0.06335 0.02964 0.00548 0.02624 0.01201 0.10852 0.75475
0.07356 0.02567 0.00206 0.02639 0.01181 0.11747 0.74305
0.07327 0.02142 0.02004 0.01771 0.05221 0.29881 0.51654
0.15420 0.01488 0.00370 0.20398 0.00300 0.50938 0.11085
0.06066 0.04498 0.05401 0.01773 0.19604 0.17855 0.44803
0.04323 0.03658 0.05845 0.03911 0.02644 0.20057 0.59562
0.23023 0.07224 0.00325 0.04088 0.00606 0.29488 0.35248
0.03148 0.00691 0.00494 0.00840 0.02517 0.75247 0.17062
0.07564 0.04929 0.01999 0.04683 0.01780 0.32024 0.47021
0.01014 0.01102 0.00633 0.04039 0.07632 0.14167 0.71413
0.01851 0.00941 0.01313 0.01774 0.02891 0.53672 0.37557
0.01141 0.01720 0.01588 0.08319 0.24769 0.31684 0.30780
0.20990 0.03991 0.01119 0.05365 0.07653 0.23800 0.37082
0.01791 0.00631 0.02084 0.02425 0.07374 0.16596 0.69099
0.06124 0.04954 0.01248 0.02070 0.01787 0.17025 0.66792
0.02615 0.02523 0.02859 0.00956 0.18174 0.43344 0.29528
0.02685 0.02009 0.02220 0.15485 0.02642 0.48592 0.26368
0.06260 0.01540 0.02036 0.04151 0.08280 0.44757 0.32977
0.00891 0.00995 0.01594 0.01859 0.01159 0.57662 0.35840
0.09653 0.02243 0.01115 0.01878 0.04583 0.27375 0.53152
0.03737 0.04022 0.02593 0.02260 0.07391 0.30441 0.49556
0.17290 0.09085 0.01883 0.14892 0.03719 0.10091 0.43039
0.48730 0.01741 0.01936 0.07614 0.03545 0.06374 0.30060
0.02113 0.04704 0.09607 0.01183 0.15455 0.07208 0.59729
0.08874 0.03114 0.02367 0.08356 0.03736 0.15151 0.58402
0.40267 0.07280 0.04522 0.07876 0.02366 0.08237 0.29451
0.03147 0.01305 0.00587 0.04531 0.02225 0.22610 0.65596
0.08268 0.01505 0.00592 0.00512 0.09081 0.14209 0.65832
0.13129 0.02151 0.01357 0.10794 0.01775 0.10117 0.60679
0.19677 0.03234 0.00222 0.03259 0.02501 0.20632 0.50475
0.06022 0.02829 0.01361 0.03682 0.04779 0.18420 0.62906
0.16151 0.03277 0.01298 0.01803 0.01361 0.22289 0.53822
0.04390 0.00946 0.00173 0.02880 0.04368 0.24500 0.62741
0.06540 0.00634 0.01549 0.01608 0.02319 0.35372 0.51977
0.11110 0.04156 0.02426 0.01720 0.06362 0.03551 0.70674
0.62792 0.01874 0.00674 0.03906 0.01123 0.03908 0.25722
0.02825 0.00738 0.00631 0.00472 0.74560 0.01537 0.19237
0.17458 0.01738 0.01251 0.02371 0.02214 0.29972 0.44996
0.04432 0.04661 0.03903 0.02682 0.11808 0.03015 0.69500
0.01574 0.01756 0.01776 0.01389 0.05027 0.22557 0.65921
0.03282 0.05198 0.02091 0.05613 0.06895 0.20642 0.56279
0.47612 0.05753 0.00838 0.06726 0.01456 0.10344 0.27272
0.06760 0.05180 0.02802 0.04656 0.17749 0.19663 0.43190
0.12631 0.02195 0.00582 0.13193 0.01659 0.24699 0.45042
0.02913 0.03480 0.02757 0.04616 0.02462 0.33955 0.49818
0.20431 0.10013 0.04531 0.04914 0.03412 0.07314 0.49386
0.02517 0.01270 0.00543 0.78720 0.02388 0.02024 0.12537
0.47860 0.01164 0.00553 0.02618 0.02554 0.10972 0.34279
0.13787 0.11796 0.04298 0.03529 0.13774 0.17368 0.35448
0.04598 0.03031 0.01041 0.01925 0.19765 0.31054 0.38585
0.11661 0.01379 0.01082 0.01810 0.02445 0.38821 0.42802
0.01225 0.01364 0.03878 0.01045 0.08450 0.26332 0.57705
0.03863 0.02299 0.00450 0.09850 0.01412 0.38618 0.43509
0.12270 0.01108 0.00624 0.00500 0.04443 0.43135 0.37919
0.00608 0.01103 0.00388 0.00138 0.81677 0.01733 0.14353
0.12067 0.01083 0.02482 0.03442 0.02189 0.34477 0.44259
0.01971 0.01432 0.01572 0.00828 0.16478 0.05335 0.72384
0.02025 0.01030 0.03435 0.01592 0.09699 0.08127 0.74093
0.16962 0.00250 0.00209 0.00244 0.04638 0.28230 0.49467
0.05759 0.01861 0.03736 0.04528 0.16143 0.11924 0.56050
0.02429 0.01428 0.02733 0.04780 0.14923 0.10882 0.62826
0.21273 0.01015 0.00282 0.02314 0.04150 0.20726 0.50239
0.02243 0.01982 0.04382 0.01166 0.06930 0.34089 0.49208
0.24771 0.01537 0.01622 0.08244 0.01606 0.18746 0.43475
0.04230 0.01688 0.02848 0.03386 0.17752 0.20025 0.50071
0.16577 0.07658 0.02106 0.04170 0.05499 0.08154 0.55836
0.08625 0.02351 0.01293 0.05149 0.10219 0.45980 0.26383
0.04630 0.03833 0.01953 0.03127 0.02128 0.45871 0.38459
0.09983 0.06814 0.01106 0.05428 0.10680 0.15693 0.50296
0.18293 0.03098 0.01609 0.03422 0.15381 0.18712 0.39485
0.03621 0.09726 0.01420 0.02260 0.03622 0.19559 0.59793
0.05868 0.03530 0.01614 0.05877 0.12411 0.36011 0.34688
0.23444 0.04451 0.01789 0.07680 0.07683 0.12535 0.42419
0.11674 0.01590 0.07206 0.02375 0.04302 0.47225 0.25629
0.01245 0.01397 0.01291 0.00938 0.56673 0.10182 0.28273
0.05603 0.05018 0.01165 0.02783 0.03011 0.11424 0.70996
0.01819 0.02276 0.01736 0.09635 0.00928 0.33034 0.50571
0.09606 0.03351 0.01165 0.00207 0.43003 0.07016 0.35652
0.01699 0.07534 0.01763 0.01988 0.05346 0.05233 0.76435
0.22722 0.02783 0.00691 0.08549 0.01326 0.25101 0.38829
0.07539 0.08170 0.00410 0.06697 0.04170 0.29230 0.43783
0.05889 0.02387 0.00738 0.00449 0.08811 0.12710 0.69014
0.15388 0.02004 0.03444 0.05306 0.03414 0.33234 0.37209
0.11670 0.05582 0.02186 0.02134 0.12132 0.21793 0.44504
0.44930 0.01810 0.00395 0.01340 0.02745 0.13902 0.34877
0.04737 0.03582 0.00892 0.05879 0.01671 0.64156 0.19084
0.49941 0.03375 0.00623 0.07533 0.02199 0.08798 0.27531
0.40987 0.03591 0.01733 0.02628 0.02396 0.10942 0.37723
0.37464 0.02288 0.00524 0.02740 0.01645 0.07255 0.48084
0.13862 0.09252 0.01702 0.16047 0.09086 0.08701 0.41350
0.12686 0.10102 0.01209 0.05723 0.07070 0.05984 0.57225
0.06521 0.01186 0.06030 0.03637 0.01418 0.37290 0.43919
0.08100 0.02198 0.00688 0.09663 0.03697 0.21522 0.54132
0.14436 0.05752 0.10824 0.08567 0.04666 0.13115 0.42640
0.13439 0.03006 0.02660 0.04845 0.01079 0.36414 0.38557
0.02631 0.00891 0.01622 0.01580 0.03360 0.23877 0.66039
0.06875 0.10487 0.00795 0.03884 0.01629 0.11103 0.65226
0.07084 0.01858 0.03381 0.05028 0.09944 0.09408 0.63298
0.01642 0.01183 0.02702 0.01449 0.51160 0.04289 0.37575
0.00918 0.00526 0.01695 0.00911 0.02363 0.80970 0.12616
0.04546 0.01803 0.03778 0.01762 0.11937 0.28200 0.47973
0.33315 0.02064 0.01255 0.22136 0.08191 0.04018 0.29021
0.04261 0.01728 0.00648 0.00920 0.27626 0.10326 0.54492
0.13154 0.08499 0.02465 0.15040 0.02291 0.14824 0.43725
0.07253 0.08851 0.03684 0.01248 0.06489 0.24611 0.47864
0.00640 0.00663 0.01264 0.02228 0.07255 0.04423 0.83528
0.05266 0.02437 0.02971 0.10986 0.03364 0.34263 0.40713
0.05158 0.01205 0.02206 0.13570 0.05197 0.12802 0.59861
0.08554 0.01903 0.00754 0.07622 0.17277 0.24277 0.39613
0.02900 0.01579 0.01089 0.03229 0.07552 0.36311 0.47339
0.09258 0.01974 0.00830 0.04108 0.01298 0.28484 0.54047
0.70700 0.01878 0.00420 0.03547 0.01663 0.02164 0.19628
0.02098 0.00814 0.01203 0.03067 0.13735 0.27329 0.51755
0.35961 0.06495 0.01276 0.04117 0.01763 0.12369 0.38019
0.06821 0.01040 0.00525 0.19877 0.00819 0.52539 0.18379
0.05593 0.00923 0.01148 0.01820 0.12518 0.55134 0.22864
0.03796 0.04659 0.02234 0.08182 0.05674 0.26135 0.49320
0.13927 0.08943 0.02000 0.11582 0.03740 0.34224 0.25583
0.01101 0.01587 0.01886 0.02558 0.35577 0.08462 0.48830
0.07447 0.01994 0.00687 0.02675 0.04590 0.07062 0.75545
0.26073 0.04206 0.01217 0.02927 0.03237 0.14868 0.47474
0.12772 0.08437 0.00764 0.03640 0.03191 0.05457 0.65739
0.02877 0.02856 0.02062 0.03127 0.32987 0.21581 0.34510
0.04960 0.02437 0.01071 0.00455 0.03915 0.05545 0.81617
0.07439 0.01737 0.00801 0.05739 0.07334 0.12014 0.64936
0.02377 0.01666 0.01478 0.04322 0.04479 0.44067 0.41611
0.08700 0.02927 0.01071 0.35844 0.07549 0.12959 0.30949
0.03104 0.01971 0.01726 0.00858 0.04008 0.11696 0.76638
0.04114 0.01212 0.00306 0.00502 0.01856 0.52493 0.39516
0.04269 0.01620 0.02124 0.04826 0.06224 0.17673 0.63263
0.20103 0.14874 0.00848 0.01280 0.02736 0.04605 0.55554
0.06348 0.05442 0.05536 0.04740 0.12633 0.11586 0.53714
0.07400 0.02906 0.01696 0.09827 0.02664 0.36834 0.38674
0.17293 0.01706 0.01542 0.09334 0.04780 0.46009 0.19336
0.01490 0.00477 0.00605 0.03723 0.02905 0.50652 0.40148
0.27835 0.00744 0.00429 0.00477 0.00704 0.13396 0.56416
0.12903 0.02068 0.00458 0.42825 0.01142 0.14509 0.26094
0.05147 0.03584 0.03172 0.17646 0.07128 0.15391 0.47932
0.23265 0.05436 0.01713 0.05644 0.02268 0.28955 0.32720
