# Country Folk Indie Jazz Metal Pop Rock
0.00148 0.00001 0.00024 0.02794 0.00083 0.93229 0.03721
0.01246 0.00239 0.00103 0.01793 0.18231 0.06634 0.71754
0.01050 0.00057 0.00003 0.00033 0.00015 0.00096 0.98746
0.00898 0.00000 0.00000 0.00089 0.00013 0.93808 0.05192
0.14981 0.01582 0.00821 0.01629 0.01027 0.68932 0.11028
0.00000 0.00000 0.00418 0.00000 0.00021 0.00769 0.98792
0.92068 0.01091 0.00013 0.01362 0.00164 0.03951 0.01351
0.21667 0.08422 0.02915 0.01867 0.00124 0.16816 0.48188
0.00007 0.00001 0.00001 0.06094 0.00014 0.93782 0.00101
0.00002 0.00000 0.00022 0.00217 0.00000 0.00676 0.99082
0.00053 0.00000 0.00000 0.45148 0.00001 0.54758 0.00041
0.03109 0.07388 0.00300 0.06586 0.06507 0.10504 0.65607
0.01321 0.01303 0.00167 0.00806 0.01367 0.07413 0.87624
0.00091 0.00136 0.00051 0.00056 0.06585 0.78788 0.14294
0.04969 0.00061 0.00014 0.35694 0.00224 0.08603 0.50434
0.00608 0.00171 0.00509 0.00751 0.00141 0.09760 0.88060
0.00050 0.00082 0.08146 0.00056 0.01972 0.01399 0.88296
0.79911 0.00140 0.00004 0.11355 0.00043 0.05208 0.03338
0.20631 0.06517 0.02394 0.01836 0.08445 0.10183 0.49995
0.07762 0.00400 0.00018 0.86886 0.00068 0.01920 0.02946
0.68164 0.00000 0.00000 0.00005 0.00000 0.31113 0.00717
0.00000 0.00003 0.00000 0.00000 0.00000 0.00009 0.99988
0.17725 0.00064 0.00000 0.02062 0.00049 0.79721 0.00378
0.00000 0.00000 0.00055 0.00000 0.00629 0.00014 0.99302
0.00027 0.00010 0.00405 0.00213 0.96140 0.01882 0.01322
0.00944 0.00001 0.00000 0.00055 0.00078 0.00628 0.98295
0.00297 0.00017 0.02307 0.00982 0.00346 0.00148 0.95902
0.41336 0.06622 0.02420 0.18576 0.02088 0.10420 0.18538
0.00011 0.00000 0.00076 0.00320 0.00433 0.00105 0.99055
0.00297 0.00000 0.00000 0.01203 0.00002 0.97990 0.00507
0.00241 0.00113 0.00964 0.00792 0.00217 0.06902 0.90772
0.10222 0.08619 0.00001 0.00069 0.00327 0.01480 0.79283
0.00835 0.00000 0.00000 0.25286 0.00004 0.10855 0.63019
0.02380 0.00015 0.00000 0.01332 0.00054 0.95670 0.00548
0.01364 0.00015 0.00003 0.20687 0.00012 0.76693 0.01227
0.99715 0.00024 0.00000 0.00005 0.00003 0.00025 0.00228
0.00022 0.00005 0.01790 0.00018 0.96696 0.00856 0.00614
0.03972 0.01187 0.00102 0.33610 0.00555 0.02495 0.58078
0.04726 0.03300 0.00001 0.18092 0.02996 0.04584 0.66301
0.00001 0.00001 0.00047 0.00000 0.97967 0.00027 0.01957
0.00123 0.00013 0.00085 0.00642 0.22358 0.01488 0.75291
0.01118 0.00080 0.00021 0.00664 0.02964 0.06074 0.89079
0.03719 0.00031 0.00021 0.27444 0.00148 0.01182 0.67455
0.00015 0.00001 0.00000 0.00090 0.00006 0.00936 0.98951
0.03225 0.00278 0.00548 0.02015 0.00465 0.04947 0.88523
0.87733 0.02252 0.00025 0.02502 0.01123 0.03913 0.02452
0.00015 0.00000 0.00014 0.00222 0.01379 0.00223 0.98146
0.00000 0.00000 0.00001 0.00000 0.99793 0.00028 0.00176
0.00825 0.00040 0.00002 0.00006 0.00066 0.00203 0.98858
0.08720 0.01891 0.00046 0.43990 0.02395 0.02756 0.40203
0.00009 0.00000 0.00010 0.00001 0.00006 0.00558 0.99416
0.00014 0.00000 0.00001 0.00247 0.00004 0.99710 0.00023
0.00003 0.00021 0.00415 0.00002 0.05219 0.00202 0.94137
0.00806 0.00291 0.00003 0.09215 0.00913 0.03774 0.84997
0.00880 0.00001 0.00000 0.00106 0.00967 0.05727 0.92319
0.52291 0.47162 0.00000 0.00011 0.00001 0.00126 0.00409
0.00271 0.00001 0.00012 0.00001 0.00000 0.00192 0.99524
0.12704 0.00531 0.00310 0.00653 0.02269 0.00916 0.82617
0.00000 0.00000 0.00000 0.00000 0.00000 1.00000 0.00000
0.11352 0.00019 0.00146 0.03469 0.00483 0.05858 0.78673
0.08327 0.02450 0.00529 0.37056 0.00416 0.38713 0.12508
0.01044 0.00031 0.00670 0.00315 0.88938 0.06006 0.02996
0.00000 0.00000 0.00002 0.00000 0.99452 0.00006 0.00539
0.87223 0.00413 0.00000 0.09651 0.00026 0.01944 0.00742
0.00048 0.00000 0.00008 0.00184 0.00232 0.99446 0.00082
0.99384 0.00003 0.00000 0.00053 0.00000 0.00211 0.00348
0.00000 0.00000 0.00000 0.00000 0.00000 1.00000 0.00000
0.41848 0.01988 0.00001 0.11142 0.00026 0.42712 0.02284
0.00002 0.00000 0.00107 0.00001 0.00409 0.00120 0.99360
0.00004 0.00000 0.00000 0.98393 0.00000 0.01379 0.00224
0.36881 0.00559 0.00028 0.45648 0.00133 0.01605 0.15145
0.21022 0.00440 0.00003 0.01142 0.00112 0.72608 0.04673
0.01496 0.00713 0.00014 0.00016 0.00018 0.02273 0.95470
0.00106 0.00001 0.00063 0.23056 0.00004 0.76057 0.00713
0.02477 0.00487 0.00000 0.00114 0.04446 0.04267 0.88209
0.00002 0.00000 0.00039 0.00028 0.03266 0.02495 0.94170
0.00000 0.00000 0.00000 0.00037 0.00000 0.99841 0.00122
0.04579 0.03037 0.03889 0.08434 0.01531 0.68292 0.10238
0.04107 0.00007 0.00000 0.00000 0.00021 0.01277 0.94588
0.01510 0.00001 0.00151 0.00233 0.00014 0.97001 0.01090
0.99925 0.00014 0.00000 0.00000 0.00000 0.00022 0.00038
0.00044 0.00001 0.00000 0.99735 0.00001 0.00040 0.00179
0.00081 0.98951 0.00000 0.00000 0.00000 0.00851 0.00116
0.00176 0.01527 0.00012 0.00001 0.02153 0.00630 0.95502
0.00072 0.00293 0.00124 0.03692 0.00015 0.90331 0.05474
0.00019 0.00000 0.00000 0.00155 0.00003 0.99744 0.00080
0.00496 0.00645 0.00590 0.01821 0.05425 0.08835 0.82187
0.00007 0.00000 0.00009 0.00115 0.00035 0.99773 0.00061
0.02501 0.00297 0.00135 0.12516 0.00104 0.81771 0.02677
0.00002 0.00000 0.00142 0.00004 0.01478 0.93803 0.04570
0.00037 0.02129 0.00024 0.01765 0.00106 0.94687 0.01252
0.99948 0.00001 0.00000 0.00000 0.00000 0.00000 0.00051
0.64144 0.05654 0.00085 0.09124 0.01031 0.09108 0.10854
0.00473 0.00067 0.00039 0.36360 0.00882 0.00706 0.61473
0.21172 0.00202 0.00007 0.00184 0.00296 0.04984 0.73154
0.00007 0.00001 0.12404 0.00008 0.03170 0.05241 0.79169
0.00106 0.00001 0.00000 0.00406 0.00000 0.99394 0.00092
0.99861 0.00006 0.00000 0.00068 0.00000 0.00055 0.00010
0.00339 0.00037 0.00000 0.72966 0.00083 0.00917 0.25658
0.43829 0.00375 0.00003 0.03082 0.00734 0.41043 0.10933
0.00001 0.00000 0.00085 0.00000 0.00220 0.00035 0.99660
0.00002 0.00000 0.00000 0.03415 0.00000 0.96565 0.00017
0.74290 0.00445 0.00005 0.04020 0.00100 0.05425 0.15715
0.05101 0.00198 0.00149 0.03101 0.07067 0.01645 0.82739
0.00000 0.00000 0.00000 0.13434 0.00069 0.86412 0.00085
0.00582 0.00015 0.00021 0.00085 0.00271 0.97334 0.01691
0.00001 0.00000 0.00199 0.01506 0.00185 0.97997 0.00111
0.00020 0.00000 0.00001 0.00015 0.00182 0.00276 0.99506
0.99684 0.00002 0.00000 0.00003 0.00000 0.00238 0.00074
0.00020 0.00000 0.00000 0.99894 0.00000 0.00040 0.00045
0.01105 0.00001 0.00490 0.00127 0.01226 0.01241 0.95811
0.97968 0.01106 0.00000 0.00065 0.00010 0.00463 0.00388
0.00000 0.00000 0.00000 0.00000 0.00000 0.00000 1.00000
0.02800 0.00127 0.00000 0.00994 0.00039 0.01490 0.94549
0.02711 0.00002 0.00000 0.00230 0.00355 0.00165 0.96536
0.00000 0.00001 0.00076 0.00000 0.99232 0.00054 0.00637
0.86818 0.00514 0.00001 0.08790 0.00034 0.01798 0.02045
0.34213 0.00820 0.00000 0.00199 0.00002 0.64474 0.00293
0.00551 0.01125 0.73227 0.00677 0.09466 0.08951 0.06003
0.02356 0.24562 0.00221 0.03543 0.03171 0.03460 0.62688
0.00674 0.01160 0.01469 0.00379 0.65668 0.01290 0.29360
0.00292 0.00453 0.00882 0.00074 0.79189 0.06209 0.12901
0.16866 0.00113 0.00001 0.12040 0.00001 0.65357 0.05621
0.23777 0.10998 0.03613 0.29624 0.02481 0.15249 0.14257
0.00001 0.00001 0.00000 0.00004 0.00061 0.00001 0.99933
0.01328 0.00032 0.00347 0.00430 0.00694 0.91622 0.05547
0.00159 0.00041 0.00910 0.00039 0.00209 0.91386 0.07256
0.01898 0.00770 0.02841 0.00318 0.01350 0.01326 0.91497
0.00017 0.00000 0.00000 0.00491 0.00000 0.97575 0.01917
0.01121 0.00327 0.00049 0.10334 0.66037 0.01478 0.20653
0.00013 0.00001 0.00000 0.99888 0.00001 0.00059 0.00039
0.00261 0.00000 0.00000 0.99696 0.00000 0.00013 0.00030
0.00137 0.00040 0.00000 0.00016 0.00066 0.00656 0.99085
0.00064 0.00183 0.00068 0.00032 0.95300 0.01909 0.02444
0.00005 0.00001 0.00731 0.00029 0.00282 0.00457 0.98496
0.04317 0.00771 0.00106 0.06378 0.00069 0.86128 0.02231
0.75393 0.00270 0.00063 0.08117 0.00046 0.14640 0.01472
0.04790 0.00108 0.00009 0.02986 0.00400 0.04915 0.86793
0.00007 0.00003 0.00014 0.00009 0.97454 0.00181 0.02331
0.20005 0.02422 0.00002 0.61328 0.00216 0.01813 0.14213
0.01002 0.00015 0.00001 0.23637 0.00137 0.00645 0.74563
0.03774 0.00324 0.02407 0.01973 0.00332 0.67064 0.24127
0.00000 0.00000 0.00000 0.00003 0.00000 0.99993 0.00004
0.10607 0.00006 0.00000 0.00919 0.00026 0.00218 0.88224
0.91315 0.00000 0.00000 0.08035 0.00000 0.00578 0.00072
0.00001 0.00000 0.00009 0.00001 0.00209 0.00333 0.99446
0.16944 0.01195 0.00229 0.01868 0.04295 0.06408 0.69061
0.13701 0.00670 0.00001 0.23525 0.00892 0.01173 0.60039
0.03756 0.11235 0.34294 0.10302 0.07576 0.15313 0.17524
0.00000 0.00000 0.00000 0.00000 1.00000 0.00000 0.00000
0.04504 0.01285 0.00083 0.00463 0.01010 0.05979 0.86676
0.10061 0.01101 0.00223 0.00118 0.20375 0.03757 0.64365
0.00000 0.00000 0.00000 0.00003 0.00000 0.99991 0.00006
0.00006 0.00043 0.00015 0.00002 0.00043 0.00425 0.99466
0.73980 0.00993 0.00000 0.00909 0.00099 0.04540 0.19478
0.28248 0.00396 0.00005 0.07872 0.00524 0.06176 0.56780
0.00011 0.00618 0.00003 0.00011 0.01372 0.00081 0.97904
0.03938 0.00095 0.00003 0.79681 0.00023 0.13924 0.02336
0.00089 0.00883 0.00166 0.01481 0.00014 0.96599 0.00768
0.00346 0.00001 0.00005 0.09261 0.00118 0.00729 0.89540
0.00026 0.00000 0.00001 0.00002 0.00004 0.99921 0.00045
0.00054 0.00002 0.00007 0.00063 0.00007 0.95562 0.04305
0.00102 0.04733 0.00392 0.00024 0.02225 0.00661 0.91864
0.99987 0.00002 0.00000 0.00000 0.00000 0.00003 0.00008
0.00004 0.00000 0.00000 0.00000 0.00000 0.00003 0.99993
0.01000 0.00000 0.00000 0.00089 0.00005 0.98606 0.00300
0.00000 0.00000 0.00000 0.00000 0.99265 0.00012 0.00722
0.00191 0.00001 0.00005 0.00307 0.00002 0.09811 0.89683
0.00223 0.00002 0.00004 0.00010 0.00016 0.00163 0.99581
0.00000 0.00000 0.00000 0.00000 0.99983 0.00000 0.00017
0.00322 0.00247 0.29100 0.00574 0.03932 0.05877 0.59947
0.00000 0.00000 0.00204 0.00000 0.00065 0.00013 0.99718
0.00230 0.00000 0.00000 0.18525 0.00001 0.80821 0.00423
0.01276 0.00098 0.00003 0.00349 0.00191 0.00798 0.97286
0.00017 0.86737 0.00003 0.00012 0.00051 0.00554 0.12626
0.01591 0.00015 0.00107 0.01246 0.00025 0.96057 0.00958
0.28706 0.04330 0.01025 0.00141 0.02504 0.04965 0.58328
0.00028 0.00003 0.00000 0.99658 0.00000 0.00193 0.00118
0.00175 0.00271 0.00982 0.00025 0.85702 0.01756 0.11089
0.00001 0.00000 0.02958 0.00002 0.00017 0.96716 0.00306
0.00064 0.00050 0.00070 0.00800 0.14949 0.00621 0.83446
0.00274 0.95281 0.00000 0.00005 0.00024 0.01434 0.02982
0.00184 0.00183 0.00017 0.02859 0.01412 0.06137 0.89209
0.00320 0.01259 0.02199 0.00526 0.02010 0.03467 0.90219
0.01827 0.08439 0.46624 0.03297 0.07337 0.19353 0.13124
0.00018 0.00782 0.00004 0.00002 0.00361 0.01698 0.97136
0.00004 0.00000 0.00000 0.00022 0.00000 0.99968 0.00006
0.99986 0.00000 0.00000 0.00000 0.00000 0.00000 0.00013
0.00009 0.01222 0.00829 0.00070 0.00917 0.07198 0.89755
0.00000 0.00000 0.00077 0.00000 0.99790 0.00017 0.00115
0.01467 0.00292 0.00617 0.02972 0.00185 0.79073 0.15394
0.00000 0.00000 0.00000 0.99957 0.00000 0.00043 0.00000
0.00000 0.00000 0.00000 0.00000 1.00000 0.00000 0.00000
0.99174 0.00520 0.00000 0.00017 0.00004 0.00083 0.00201
0.00007 0.00015 0.00522 0.00172 0.00002 0.00070 0.99212
0.05814 0.00047 0.00032 0.18848 0.03187 0.03066 0.69007
0.00015 0.00031 0.00000 0.00017 0.00004 0.00023 0.99911
0.04961 0.00006 0.00000 0.00011 0.00000 0.00054 0.94967
1.00000 0.00000 0.00000 0.00000 0.00000 0.00000 0.00000
0.12532 0.00163 0.00001 0.14326 0.01622 0.05677 0.65681
0.03641 0.02013 0.00121 0.00719 0.01485 0.33557 0.58465
0.00054 0.00000 0.00000 0.00082 0.00002 0.00017 0.99845
0.99943 0.00000 0.00000 0.00000 0.00000 0.00051 0.00006
0.00082 0.00000 0.00000 0.00121 0.00036 0.00004 0.99756
0.00038 0.00115 0.00204 0.00080 0.00247 0.00432 0.98884
0.00002 0.00000 0.00000 0.00003 0.00000 0.99987 0.00008
0.00583 0.00083 0.00005 0.00363 0.00055 0.02761 0.96150
0.17209 0.01136 0.00001 0.52955 0.00443 0.01123 0.27133
0.08336 0.00088 0.08736 0.01559 0.01824 0.65765 0.13691
0.00000 0.00000 0.00000 0.00078 0.00000 0.99917 0.00005
0.00338 0.00591 0.00935 0.00304 0.02109 0.10364 0.85359
0.00415 0.00037 0.00000 0.98276 0.00005 0.00783 0.00483
0.00000 0.00000 0.00000 0.00000 0.00000 1.00000 0.00000
0.00115 0.00270 0.00334 0.00365 0.54002 0.00921 0.43993
0.03271 0.00866 0.00258 0.78345 0.00238 0.13722 0.03300
0.33240 0.00353 0.00004 0.03916 0.00129 0.06013 0.56345
0.00006 0.00000 0.00000 0.99971 0.00000 0.00019 0.00003
0.19660 0.00729 0.00104 0.24870 0.01157 0.29701 0.23778
0.00078 0.00045 0.00013 0.00040 0.96289 0.00931 0.02604
0.10978 0.09359 0.02871 0.00098 0.01603 0.16518 0.58573
0.01154 0.00010 0.00001 0.77502 0.00001 0.20000 0.01332
0.01529 0.00003 0.00000 0.00303 0.00003 0.00139 0.98022
0.00016 0.00000 0.00000 0.99949 0.00000 0.00023 0.00013
0.00000 0.00000 0.00000 0.00000 0.00000 0.00000 1.00000
0.00110 0.97448 0.00007 0.00024 0.00084 0.00370 0.01957
0.10696 0.00136 0.00025 0.00743 0.01420 0.72757 0.14223
0.06678 0.05502 0.07518 0.02953 0.07506 0.24058 0.45785
0.19438 0.02450 0.00283 0.01272 0.00438 0.70541 0.05578
0.00017 0.00021 0.05514 0.00607 0.00143 0.90490 0.03207
0.00258 0.00007 0.00001 0.00063 0.00065 0.01528 0.98079
0.01402 0.00041 0.00004 0.54934 0.00210 0.42970 0.00439
0.05240 0.39651 0.01374 0.11137 0.05064 0.13558 0.23976
0.01191 0.00014 0.00002 0.00002 0.00218 0.00136 0.98438
0.00141 0.00002 0.00109 0.93688 0.00235 0.04833 0.00992
0.03954 0.56150 0.00000 0.00008 0.00002 0.00141 0.39746
0.81498 0.02698 0.00370 0.01737 0.01407 0.06301 0.05988
0.25921 0.68729 0.00024 0.00490 0.00123 0.01746 0.02967
0.01050 0.00005 0.00000 0.01118 0.00000 0.00019 0.97808
0.02098 0.00770 0.00027 0.00155 0.00175 0.91651 0.05125
0.02862 0.00386 0.00009 0.02205 0.00362 0.03458 0.90718
0.01019 0.00004 0.00002 0.96945 0.00001 0.00652 0.01376
0.00000 0.00002 0.99256 0.00005 0.00409 0.00128 0.00200
0.00900 0.00404 0.00032 0.12516 0.01394 0.14423 0.70330
0.00010 0.00000 0.00001 0.00042 0.00007 0.00004 0.99936
0.30548 0.00608 0.00034 0.03867 0.00166 0.27483 0.37294
0.00002 0.00000 0.00000 0.00031 0.00000 0.00004 0.99963
0.17458 0.00003 0.00000 0.00166 0.00002 0.80561 0.01809
0.00000 0.00000 0.00000 0.00001 0.00001 0.00050 0.99949
0.98999 0.00014 0.00000 0.00069 0.00014 0.00592 0.00312
0.00004 0.00001 0.00142 0.00002 0.00007 0.97892 0.01951
0.00320 0.00005 0.00000 0.04174 0.00002 0.95414 0.00086
0.02282 0.00000 0.00003 0.05111 0.00002 0.91359 0.01242
0.00017 0.00019 0.00224 0.00051 0.00248 0.98922 0.00518
0.02385 0.00008 0.00000 0.00910 0.00036 0.94712 0.01949
0.00015 0.00001 0.00004 0.00000 0.00959 0.00365 0.98656
0.24572 0.08128 0.00501 0.02429 0.01146 0.33292 0.29931
0.00000 0.00000 0.00000 0.00000 0.00000 1.00000 0.00000
0.06695 0.00036 0.00068 0.00297 0.00825 0.07897 0.84182
0.23247 0.01380 0.00016 0.01339 0.00533 0.69215 0.04270
0.00000 0.00000 0.00000 0.00625 0.00001 0.99369 0.00004
0.11195 0.01688 0.01334 0.00198 0.00336 0.53258 0.31993
0.31329 0.04340 0.01710 0.07140 0.03777 0.14028 0.37676
0.06028 0.00183 0.00003 0.08962 0.12781 0.05454 0.66590
0.03216 0.00207 0.00005 0.92406 0.00083 0.03352 0.00731
0.00743 0.00011 0.00000 0.00006 0.00051 0.00262 0.98927
0.18760 0.00378 0.00045 0.62746 0.00379 0.09290 0.08402
0.54061 0.00739 0.00070 0.19307 0.01302 0.15681 0.08840
0.00024 0.00001 0.00229 0.00264 0.92626 0.00503 0.06353
0.32099 0.00095 0.00038 0.05381 0.00349 0.08200 0.53838
0.00082 0.00006 0.00000 0.00001 0.00150 0.01120 0.98640
0.00000 0.00000 0.00000 0.00000 0.99864 0.00003 0.00133
0.00012 0.00006 0.00426 0.00493 0.00045 0.00220 0.98798
0.98080 0.00764 0.00000 0.00197 0.00003 0.00730 0.00225
0.01918 0.00017 0.00009 0.00825 0.00084 0.15348 0.81800
0.32202 0.02301 0.00637 0.04621 0.02113 0.38433 0.19692
0.36483 0.00048 0.00066 0.00329 0.00143 0.53669 0.09262
0.00017 0.00002 0.00000 0.99022 0.00001 0.00888 0.00070
0.00392 0.00008 0.00001 0.65109 0.00021 0.09427 0.25043
0.00010 0.02311 0.00000 0.00000 0.01154 0.00050 0.96473
0.60607 0.00910 0.00001 0.00100 0.00262 0.34439 0.03680
0.03490 0.00024 0.00000 0.00064 0.00140 0.01577 0.94706
0.96642 0.00135 0.00001 0.00792 0.00008 0.01805 0.00618
0.15204 0.04011 0.00805 0.31163 0.03093 0.24941 0.20784
0.23988 0.00509 0.00020 0.62913 0.00060 0.07531 0.04979
0.00235 0.00190 0.07081 0.00808 0.09465 0.08000 0.74221
0.00000 0.00000 0.00000 0.00000 0.00000 0.99991 0.00009
0.13512 0.00143 0.00060 0.04826 0.00116 0.05553 0.75790
0.02321 0.72927 0.00299 0.03026 0.03345 0.03696 0.14386
0.13453 0.00306 0.00008 0.00377 0.00020 0.83743 0.02094
0.99653 0.00025 0.00000 0.00013 0.00001 0.00137 0.00172
0.00017 0.00001 0.00005 0.00001 0.00018 0.00109 0.99848
0.00216 0.00001 0.00318 0.00479 0.00016 0.98858 0.00112
0.00068 0.00000 0.00000 0.00002 0.00001 0.00002 0.99927
0.03046 0.00156 0.00090 0.87375 0.00133 0.06687 0.02513
0.00206 0.99115 0.00005 0.00000 0.00012 0.00140 0.00522
0.01752 0.00438 0.00074 0.84104 0.00118 0.08979 0.04536
0.00220 0.00103 0.00594 0.01929 0.00661 0.92498 0.03997
0.13100 0.03836 0.00946 0.30817 0.01575 0.42728 0.06999
0.04332 0.00353 0.00060 0.85060 0.00071 0.07541 0.02583
0.40388 0.00069 0.00000 0.14184 0.00090 0.00105 0.45165
0.01207 0.03851 0.01933 0.10821 0.05040 0.01927 0.75221
0.00000 0.00000 0.99961 0.00000 0.00000 0.00033 0.00005
0.01715 0.00095 0.00121 0.00300 0.12589 0.01696 0.83484
0.13776 0.00809 0.00004 0.64057 0.00143 0.01337 0.19874
0.00033 0.17407 0.00000 0.06017 0.00230 0.00672 0.75641
0.00013 0.00007 0.00001 0.00010 0.00007 0.00044 0.99918
0.22887 0.00001 0.00000 0.10914 0.00003 0.61945 0.04250
0.00009 0.00009 0.01763 0.00002 0.96156 0.00127 0.01934
0.99683 0.00180 0.00000 0.00008 0.00001 0.00043 0.00085
0.04728 0.00145 0.00001 0.00672 0.82398 0.00616 0.11440
0.00027 0.00025 0.01264 0.00174 0.95017 0.00877 0.02617
0.06203 0.00003 0.00009 0.03521 0.00005 0.90127 0.00132
0.78090 0.04086 0.00072 0.00154 0.00193 0.04247 0.13157
0.00243 0.00002 0.00018 0.00057 0.00013 0.98873 0.00793
0.00024 0.00002 0.00730 0.00421 0.00028 0.00503 0.98292
0.00619 0.00001 0.00002 0.00802 0.00008 0.18769 0.79799
0.12525 0.01364 0.00205 0.01309 0.01785 0.08658 0.74154
0.79571 0.00075 0.00003 0.13714 0.00015 0.03204 0.03418
0.00007 0.00000 0.00000 0.00005 0.00000 0.99966 0.00022
0.61320 0.00251 0.00000 0.00409 0.01991 0.02868 0.33160
0.00319 0.00021 0.00005 0.97658 0.00003 0.01500 0.00495
0.00007 0.00002 0.00025 0.00002 0.00198 0.00116 0.99649
0.03288 0.00056 0.00000 0.27281 0.00877 0.02174 0.66325
0.11955 0.00759 0.01278 0.05871 0.00231 0.75670 0.04237
0.04984 0.00022 0.00000 0.00003 0.00000 0.00018 0.94973
0.00000 0.00000 0.00001 0.00000 0.00001 0.99934 0.00064
0.82592 0.00305 0.00002 0.00363 0.00039 0.01474 0.15225
0.03753 0.00807 0.00742 0.03299 0.04435 0.08045 0.78919
0.95590 0.00178 0.00001 0.00296 0.00003 0.02763 0.01168
0.58606 0.00898 0.00010 0.00319 0.00934 0.00837 0.38395
0.06476 0.46233 0.00007 0.00134 0.05704 0.04087 0.37358
0.00879 0.00074 0.00057 0.00806 0.00094 0.01208 0.96882
0.01227 0.00002 0.00656 0.00044 0.19591 0.02211 0.76269
0.96069 0.00352 0.00002 0.00153 0.00010 0.02048 0.01367
0.00252 0.94907 0.00009 0.00001 0.00130 0.00289 0.04412
0.00032 0.00000 0.00000 0.00001 0.00001 0.99950 0.00017
0.02091 0.00042 0.00551 0.01931 0.00276 0.93849 0.01261
0.02030 0.00471 0.01224 0.00088 0.00236 0.19115 0.76835
0.00000 0.00000 0.00000 0.99966 0.00000 0.00032 0.00002
0.44718 0.00678 0.00097 0.01445 0.00378 0.42370 0.10313
0.00298 0.00209 0.03615 0.00299 0.11525 0.11618 0.72435
0.00649 0.00004 0.00000 0.09741 0.00003 0.88912 0.00690
0.00202 0.00000 0.00000 0.99471 0.00002 0.00022 0.00305
0.00799 0.00770 0.00001 0.01853 0.00298 0.00213 0.96067
0.03484 0.00018 0.00000 0.09623 0.00031 0.00060 0.86784
0.00004 0.00001 0.00000 0.00016 0.00008 0.99947 0.00024
0.11252 0.09564 0.01838 0.28578 0.05215 0.18769 0.24783
0.47929 0.00792 0.00056 0.01022 0.00138 0.40799 0.09264
0.04539 0.77131 0.00941 0.00063 0.02478 0.04891 0.09957
0.00068 0.00072 0.06114 0.00454 0.00573 0.21390 0.71330
0.01864 0.76874 0.00536 0.00663 0.05628 0.09443 0.04992
0.02950 0.00316 0.00025 0.45252 0.00297 0.22895 0.28266
0.01052 0.00166 0.00711 0.00057 0.00214 0.91705 0.06095
0.08652 0.00022 0.00003 0.62722 0.00008 0.28163 0.00431
0.04728 0.03887 0.00023 0.01034 0.76372 0.10243 0.03713
0.06230 0.00002 0.00000 0.00004 0.00172 0.00008 0.93584
0.00025 0.00000 0.00000 0.00030 0.00003 0.00001 0.99941
0.00588 0.91960 0.00086 0.00049 0.00172 0.01982 0.05163
0.00001 0.00000 0.00000 0.00000 0.00000 0.00003 0.99997
0.00024 0.00035 0.00003 0.00137 0.11344 0.04026 0.84430
0.11832 0.00406 0.00002 0.19214 0.00013 0.01458 0.67075
0.12155 0.00113 0.00001 0.05556 0.00165 0.02518 0.79492
0.00560 0.02515 0.03995 0.03814 0.00700 0.73935 0.14481
0.00016 0.00066 0.00525 0.00000 0.00012 0.99227 0.00154
0.01121 0.00613 0.00049 0.90621 0.00116 0.05772 0.01708
0.00400 0.00081 0.00190 0.00643 0.01527 0.01448 0.95710
0.06996 0.05034 0.00117 0.44768 0.02130 0.02796 0.38158
0.00038 0.00013 0.00005 0.00769 0.00110 0.01785 0.97281
0.99916 0.00005 0.00000 0.00013 0.00000 0.00042 0.00024
0.00539 0.00004 0.00004 0.00006 0.00013 0.00492 0.98942
0.00001 0.95842 0.00000 0.00000 0.00020 0.03725 0.00412
0.10350 0.00005 0.00005 0.00324 0.00042 0.08192 0.81082
0.00371 0.00009 0.00000 0.98189 0.00003 0.00145 0.01283
0.00017 0.00009 0.00059 0.00001 0.90970 0.00630 0.08316
0.00000 0.00000 0.00000 0.00000 0.00000 0.00000 1.00000
0.41934 0.00001 0.00000 0.00028 0.00017 0.00700 0.57321
0.98571 0.00008 0.00000 0.00474 0.00000 0.00482 0.00466
0.00234 0.00088 0.01000 0.00088 0.18880 0.67603 0.12107
0.90436 0.00349 0.00006 0.04160 0.00048 0.01721 0.03280
0.00545 0.00055 0.00152 0.00133 0.54299 0.01468 0.43348
0.00150 0.00033 0.00062 0.00047 0.00137 0.01090 0.98481
0.68203 0.09291 0.00109 0.00622 0.00574 0.14946 0.06255
0.08704 0.00122 0.00090 0.60541 0.00241 0.05005 0.25298
0.02090 0.01471 0.00833 0.34146 0.00836 0.16299 0.44325
0.00048 0.00001 0.00222 0.09408 0.79962 0.09559 0.00800
0.00003 0.00042 0.00327 0.01702 0.86341 0.09235 0.02348
0.02063 0.01570 0.00151 0.00577 0.00223 0.01139 0.94276
0.02173 0.00085 0.00041 0.90826 0.00008 0.02953 0.03915
0.00649 0.01474 0.81241 0.00138 0.03020 0.04622 0.08857
0.02777 0.00329 0.00021 0.01737 0.00506 0.03376 0.91254
0.06745 0.01345 0.00046 0.04603 0.02692 0.03463 0.81105
0.00517 0.00048 0.00013 0.10345 0.00408 0.88155 0.00514
0.05216 0.93691 0.00000 0.00001 0.00003 0.00014 0.01074
0.20276 0.01772 0.00090 0.01359 0.00094 0.73740 0.02669
0.01131 0.00022 0.00023 0.00005 0.00827 0.03406 0.94585
0.97978 0.00236 0.00000 0.00154 0.00009 0.00478 0.01146
0.00047 0.00010 0.30395 0.00051 0.00803 0.62657 0.06037
0.00031 0.00000 0.00000 0.00177 0.00005 0.00416 0.99372
0.00015 0.00403 0.06097 0.01632 0.02206 0.81872 0.07775
0.01955 0.00390 0.00028 0.93770 0.00222 0.01619 0.02016
0.99405 0.00086 0.00000 0.00019 0.00007 0.00103 0.00380
0.00000 0.00000 0.03415 0.00007 0.01534 0.00145 0.94899
0.13214 0.00108 0.00070 0.00687 0.00057 0.84731 0.01135
0.99978 0.00005 0.00000 0.00001 0.00000 0.00006 0.00010
0.00200 0.00662 0.81961 0.00619 0.02976 0.03419 0.10163
0.00108 0.00001 0.00000 0.00020 0.00040 0.00006 0.99826
0.22057 0.02988 0.00026 0.06475 0.00253 0.59622 0.08579
0.00229 0.00003 0.00007 0.00101 0.00016 0.00364 0.99281
0.00000 0.00000 0.00184 0.00001 0.00000 0.99562 0.00252
0.00034 0.00001 0.00166 0.00230 0.00385 0.87372 0.11812
0.46006 0.01961 0.00144 0.17178 0.00324 0.29145 0.05242
0.05094 0.02818 0.01392 0.06838 0.01545 0.70383 0.11931
0.00603 0.00010 0.00000 0.00305 0.00002 0.01286 0.97794
0.00012 0.00002 0.00000 0.02493 0.00000 0.95708 0.01784
0.00030 0.00076 0.00007 0.00002 0.00479 0.00244 0.99163
0.86505 0.00019 0.00002 0.00315 0.00053 0.01153 0.11953
0.97339 0.00134 0.00001 0.00189 0.00010 0.01766 0.00560
0.00000 0.00000 0.00000 0.00000 0.00000 0.00000 1.00000
0.00000 0.00000 0.00005 0.00000 0.00001 0.99804 0.00190
0.24837 0.02618 0.00171 0.17023 0.13495 0.21297 0.20559
0.99797 0.00022 0.00000 0.00002 0.00000 0.00005 0.00173
0.03296 0.00543 0.00070 0.00537 0.02197 0.02653 0.90704
0.03123 0.00010 0.00000 0.00119 0.00178 0.95489 0.01082
0.00015 0.00004 0.00043 0.00030 0.00231 0.00613 0.99064
0.00000 0.00000 0.00000 0.00000 0.00000 1.00000 0.00000
0.99747 0.00002 0.00000 0.00050 0.00000 0.00152 0.00049
0.99880 0.00001 0.00000 0.00001 0.00000 0.00083 0.00035
0.56186 0.00000 0.00000 0.00090 0.00000 0.17034 0.26690
0.00548 0.00250 0.00019 0.05677 0.00511 0.02496 0.90499
0.00386 0.00771 0.18072 0.00066 0.26224 0.07993 0.46489
0.00042 0.00047 0.00272 0.08565 0.04213 0.00319 0.86542
0.98692 0.00004 0.00000 0.00022 0.00000 0.00605 0.00677
0.00315 0.01707 0.00816 0.00026 0.66039 0.13729 0.17367
0.00019 0.01069 0.00000 0.00001 0.00312 0.00105 0.98494
0.00025 0.00000 0.00000 0.00067 0.00000 0.00559 0.99349
0.08092 0.00033 0.00004 0.00113 0.00426 0.10223 0.81109
0.00169 0.05875 0.14658 0.00031 0.12088 0.30588 0.36591
0.24613 0.04115 0.00063 0.26818 0.03354 0.04742 0.36295
0.04115 0.01160 0.01066 0.09728 0.01503 0.02142 0.80286
0.00474 0.00032 0.00003 0.98156 0.00025 0.00358 0.00952
0.01573 0.00108 0.00259 0.00069 0.70819 0.02451 0.24721
0.00015 0.00011 0.00248 0.00006 0.97966 0.00289 0.01466
0.00225 0.00199 0.00141 0.00129 0.00348 0.98584 0.00374
0.02242 0.00036 0.00011 0.22711 0.00839 0.44461 0.29701
0.04566 0.00016 0.00067 0.00006 0.00255 0.08908 0.86181
0.00391 0.00737 0.00708 0.00948 0.04076 0.43099 0.50041
0.60738 0.18112 0.00001 0.04958 0.02330 0.00649 0.13212
0.00002 0.00006 0.00178 0.00001 0.00304 0.00039 0.99470
0.34317 0.07414 0.01454 0.29146 0.01581 0.15207 0.10880
0.01439 0.00010 0.00001 0.95899 0.00008 0.00980 0.01663
0.00073 0.00436 0.01814 0.00139 0.02432 0.03953 0.91151
0.00094 0.00003 0.01018 0.00132 0.03090 0.00394 0.95270
0.98808 0.00007 0.00000 0.00126 0.00002 0.00182 0.00876
0.02079 0.04284 0.42262 0.02949 0.16847 0.09677 0.21902
0.01875 0.00033 0.00002 0.95909 0.00002 0.01212 0.00966
0.06059 0.01877 0.00128 0.02741 0.01899 0.02729 0.84568
0.05183 0.01074 0.00003 0.00203 0.00008 0.00048 0.93481
0.06928 0.24968 0.00063 0.02853 0.04531 0.06011 0.54647
0.00018 0.00000 0.00000 0.98972 0.00000 0.00528 0.00482
0.00035 0.00733 0.02223 0.00000 0.00007 0.03532 0.93470
0.00007 0.00000 0.00000 0.00000 0.00000 0.00006 0.99986
0.01331 0.00003 0.00055 0.00043 0.00466 0.97254 0.00847
0.98872 0.00227 0.00000 0.00248 0.00003 0.00372 0.00276
0.00009 0.00031 0.91482 0.00020 0.03551 0.01345 0.03562
0.99515 0.00013 0.00000 0.00008 0.00000 0.00223 0.00241
0.99190 0.00060 0.00000 0.00047 0.00001 0.00355 0.00347
0.00275 0.00008 0.00000 0.04758 0.00011 0.85046 0.09902
0.25530 0.00188 0.00000 0.17850 0.00716 0.00259 0.55457
0.01388 0.00484 0.00477 0.33457 0.02039 0.56182 0.05973
0.00336 0.00004 0.02243 0.00181 0.00219 0.96801 0.00216
0.34302 0.00344 0.00000 0.05941 0.00002 0.57899 0.01512
0.00001 0.00000 0.96786 0.00000 0.00615 0.00280 0.02319
0.98458 0.00001 0.00000 0.00531 0.00000 0.00887 0.00122
0.00721 0.00090 0.01812 0.02564 0.00192 0.07369 0.87252
0.00014 0.00000 0.00001 0.00001 0.00190 0.00009 0.99785
0.99904 0.00000 0.00000 0.00000 0.00000 0.00003 0.00092
0.07643 0.04366 0.00155 0.01638 0.00344 0.28734 0.57120
0.07358 0.00146 0.00007 0.61987 0.00963 0.01165 0.28374
0.05580 0.05679 0.18236 0.09567 0.07327 0.43566 0.10047
0.01692 0.00025 0.00026 0.01299 0.00159 0.94381 0.02418
0.08398 0.05058 0.00278 0.27506 0.01748 0.03865 0.53146
0.00000 0.00000 0.00013 0.00000 0.00000 0.00151 0.99836
0.41077 0.04616 0.00674 0.16454 0.01293 0.20062 0.15823
0.96862 0.00002 0.00000 0.00013 0.00001 0.03040 0.00081
0.12715 0.00621 0.00024 0.05039 0.03110 0.26752 0.51738
0.43130 0.00297 0.00001 0.17216 0.00004 0.30130 0.09222
0.99786 0.00001 0.00000 0.00008 0.00000 0.00197 0.00009
0.00050 0.00025 0.00020 0.00048 0.00403 0.00137 0.99316
0.00001 0.00000 0.00000 0.00066 0.00008 0.00055 0.99870
0.00215 0.00060 0.00014 0.95689 0.00012 0.03193 0.00818
0.01712 0.00010 0.00000 0.96792 0.00020 0.00401 0.01066
0.00090 0.00002 0.00000 0.00532 0.00006 0.00167 0.99204
0.00742 0.00001 0.00572 0.01365 0.00331 0.02555 0.94434
0.00239 0.64173 0.01413 0.00235 0.07482 0.03668 0.22790
0.00511 0.00009 0.00009 0.00406 0.00012 0.98444 0.00609
0.02589 0.00014 0.00001 0.01912 0.00017 0.00075 0.95392
0.03536 0.00742 0.00727 0.02312 0.01948 0.07104 0.83631
0.00004 0.00001 0.00000 0.00000 0.00030 0.00003 0.99962
0.08044 0.00012 0.00015 0.00023 0.01484 0.04779 0.85643
0.03993 0.03082 0.01115 0.00300 0.01202 0.83327 0.06981
0.00391 0.00010 0.00000 0.00000 0.00002 0.00634 0.98963
0.10854 0.00430 0.01527 0.07080 0.00552 0.55667 0.23890
0.00087 0.00339 0.00001 0.09247 0.05697 0.02866 0.81762
0.99562 0.00075 0.00000 0.00030 0.00005 0.00116 0.00213
0.99983 0.00004 0.00000 0.00006 0.00000 0.00002 0.00005
0.00069 0.01163 0.11167 0.00014 0.01088 0.03744 0.82755
0.00028 0.00000 0.00000 0.00553 0.00006 0.00045 0.99367
0.00836 0.96331 0.00000 0.00005 0.00041 0.00347 0.02440
0.97852 0.00008 0.00000 0.00285 0.00006 0.00352 0.01497
0.09829 0.03739 0.00193 0.00835 0.14780 0.45817 0.24807
0.00000 0.00001 0.00000 0.07249 0.00007 0.00004 0.92739
0.07156 0.00010 0.00000 0.00692 0.00010 0.00071 0.92060
0.98745 0.00088 0.00000 0.00074 0.00001 0.00886 0.00206
0.04129 0.00538 0.00138 0.02022 0.01505 0.00955 0.90714
0.00006 0.00001 0.00058 0.00003 0.99256 0.00090 0.00587
0.00002 0.00000 0.00000 0.00000 0.00000 0.99992 0.00006
0.00642 0.01474 0.09459 0.00474 0.13239 0.12254 0.62458
0.00034 0.00061 0.00022 0.00018 0.00110 0.97845 0.01910
0.01263 0.00971 0.02518 0.00225 0.00115 0.04220 0.90689
0.00000 0.00000 0.00008 0.00005 0.00000 0.99967 0.00019
0.24314 0.04229 0.01011 0.22388 0.02875 0.10818 0.34364
0.45729 0.04867 0.00010 0.23620 0.04777 0.06838 0.14158
0.00145 0.00001 0.00000 0.97740 0.00000 0.00059 0.02055
0.00000 0.00305 0.00023 0.00001 0.00563 0.00170 0.98937
0.24515 0.00273 0.00049 0.00158 0.01958 0.33878 0.39168
0.00361 0.01931 0.00101 0.03217 0.03455 0.00902 0.90034
0.01288 0.00089 0.00028 0.05081 0.00223 0.33050 0.60240
0.01370 0.00069 0.00008 0.91570 0.00004 0.03981 0.02998
0.00061 0.00000 0.00000 0.00234 0.00000 0.96396 0.03309
0.00129 0.00002 0.00000 0.00010 0.00002 0.00004 0.99852
0.76881 0.00986 0.00023 0.06278 0.00250 0.07591 0.07992
1.00000 0.00000 0.00000 0.00000 0.00000 0.00000 0.00000
0.00005 0.00020 0.04013 0.00001 0.93939 0.01053 0.00969
0.00000 0.00000 0.00000 0.00001 0.00000 0.99999 0.00000
0.99781 0.00008 0.00000 0.00004 0.00000 0.00043 0.00165
0.00315 0.00006 0.00189 0.00273 0.00015 0.97322 0.01880
0.00675 0.00554 0.00959 0.00192 0.07959 0.70562 0.19099
0.00000 0.00000 0.00000 0.00000 0.00000 1.00000 0.00000
0.01555 0.00059 0.00399 0.03673 0.00534 0.04351 0.89429
0.52317 0.00052 0.00000 0.01299 0.00004 0.45889 0.00440
0.03718 0.00224 0.00304 0.01314 0.00134 0.86830 0.07476
0.00001 0.00000 0.00000 0.00067 0.00000 0.99931 0.00000
0.01321 0.00607 0.00000 0.00466 0.08845 0.05214 0.83548
0.00000 0.00128 0.00000 0.01685 0.00003 0.00003 0.98181
0.02075 0.00023 0.00001 0.56386 0.00059 0.16115 0.25342
0.96056 0.00072 0.00001 0.00214 0.00020 0.01115 0.02522
0.00000 0.00000 0.00000 0.00000 0.99925 0.00006 0.00069
0.25718 0.05539 0.02430 0.24938 0.03545 0.23799 0.14032
0.03018 0.00002 0.00001 0.00098 0.00018 0.95434 0.01428
0.00028 0.00002 0.00000 0.00005 0.00022 0.00031 0.99912
0.01134 0.02298 0.08732 0.00016 0.00318 0.06101 0.81402
0.09329 0.00000 0.00000 0.15360 0.00083 0.00178 0.75050
0.00032 0.00054 0.00000 0.97298 0.00000 0.02487 0.00130
0.00022 0.00294 0.02309 0.00067 0.02208 0.00158 0.94943
0.03713 0.01632 0.00523 0.02811 0.17275 0.17681 0.56366
0.00286 0.00056 0.00074 0.00023 0.67094 0.05426 0.27041
0.03319 0.00120 0.00057 0.01066 0.00865 0.03115 0.91457
0.00115 0.00265 0.01664 0.04158 0.01724 0.16336 0.75739
0.00001 0.00000 0.03408 0.00009 0.00007 0.96216 0.00359
0.00005 0.00025 0.00186 0.00002 0.98135 0.00309 0.01339
0.00842 0.00002 0.00005 0.27353 0.00007 0.01888 0.69902
0.02164 0.01316 0.00902 0.61528 0.00406 0.28985 0.04698
0.00918 0.00335 0.00937 0.00296 0.01318 0.92965 0.03230
0.07069 0.03711 0.02596 0.11182 0.06626 0.22667 0.46149
0.97241 0.00398 0.00000 0.00011 0.00052 0.00104 0.02194
0.24306 0.03353 0.00645 0.11480 0.00315 0.38600 0.21301
0.01403 0.15806 0.01348 0.00310 0.48863 0.17856 0.14414
0.01617 0.00148 0.00001 0.02313 0.00460 0.00988 0.94472
0.99032 0.00010 0.00000 0.00164 0.00001 0.00083 0.00710
0.45987 0.15745 0.01029 0.08608 0.04831 0.16844 0.06955
0.02787 0.01528 0.01055 0.02481 0.16920 0.02345 0.72885
0.02076 0.00062 0.00271 0.20053 0.00047 0.02755 0.74737
0.00237 0.00013 0.00048 0.05568 0.01174 0.00781 0.92178
0.00170 0.00494 0.03081 0.01069 0.13995 0.05130 0.76060
0.00635 0.00083 0.00023 0.01334 0.01615 0.01359 0.94951
0.05123 0.01861 0.02678 0.04738 0.02669 0.11556 0.71375
0.00569 0.00510 0.51228 0.06967 0.01198 0.05494 0.34034
0.00149 0.00434 0.00639 0.00070 0.04990 0.03472 0.90247
0.99866 0.00003 0.00000 0.00033 0.00000 0.00069 0.00029
0.01443 0.00658 0.03238 0.08989 0.08777 0.62811 0.14083
0.20724 0.01036 0.00000 0.00077 0.01323 0.00993 0.75847
0.02535 0.00229 0.00041 0.00514 0.00095 0.92081 0.04504
0.02365 0.01244 0.00383 0.04045 0.00314 0.03547 0.88103
0.50510 0.02518 0.00444 0.06345 0.04359 0.11030 0.24794
0.00034 0.00060 0.53220 0.00029 0.29061 0.14235 0.03361
0.00957 0.00533 0.00129 0.01226 0.01978 0.01580 0.93596
0.00406 0.10298 0.00007 0.00006 0.00077 0.22009 0.67197
0.00316 0.00015 0.14033 0.04345 0.01124 0.01431 0.78736
0.00016 0.00010 0.00051 0.00015 0.73540 0.00872 0.25495
0.00002 0.00002 0.97857 0.00018 0.00065 0.00741 0.01315
0.14505 0.02202 0.00020 0.01950 0.02083 0.13491 0.65750
0.09815 0.05365 0.01036 0.03246 0.19936 0.08447 0.52154
0.50554 0.00307 0.00000 0.00020 0.00475 0.00383 0.48261
0.52091 0.39903 0.00002 0.00316 0.00220 0.05022 0.02446
0.98856 0.00022 0.00000 0.00010 0.00003 0.00569 0.00540
0.00000 0.00009 0.96796 0.00000 0.01991 0.00453 0.00751
0.99973 0.00000 0.00000 0.00000 0.00000 0.00027 0.00000
0.02694 0.00378 0.00021 0.00133 0.09706 0.12875 0.74193
0.32454 0.01286 0.00179 0.02279 0.00966 0.05411 0.57426
0.01483 0.00542 0.23263 0.01466 0.10053 0.53491 0.09702
0.00015 0.00001 0.00104 0.00400 0.00011 0.99390 0.00077
0.00006 0.00101 0.00173 0.00821 0.00014 0.97901 0.00984
0.00000 0.00000 0.00000 0.00000 0.00000 0.00007 0.99993
0.00111 0.00001 0.00002 0.00001 0.00022 0.00628 0.99235
0.00047 0.00012 0.00584 0.00018 0.97958 0.00379 0.01001
0.00000 0.00000 0.00002 0.00000 0.99722 0.00006 0.00270
0.22019 0.04817 0.00857 0.35656 0.01237 0.10179 0.25235
0.00000 0.00000 0.00000 0.00000 0.05330 0.00014 0.94656
0.06085 0.00171 0.00003 0.89837 0.00004 0.01991 0.01909
0.00467 0.00125 0.01381 0.00033 0.81044 0.01148 0.15802
0.00001 0.00984 0.00014 0.00033 0.06128 0.02136 0.90705
0.00701 0.00074 0.01023 0.00076 0.00110 0.95957 0.02059
0.65226 0.00000 0.00000 0.00389 0.00003 0.00198 0.34183
0.00025 0.00083 0.00003 0.00004 0.02335 0.00097 0.97453
0.00466 0.00048 0.00003 0.02759 0.00006 0.16593 0.80125
0.00018 0.00011 0.00029 0.13128 0.00012 0.57444 0.29358
0.18505 0.01438 0.00980 0.14794 0.01611 0.57973 0.04699
0.00180 0.00005 0.00040 0.95628 0.00093 0.02168 0.01886
0.00066 0.00019 0.00013 0.04652 0.00015 0.93913 0.01321
0.00171 0.00339 0.00000 0.00035 0.00850 0.00702 0.97904
0.00000 0.00000 0.00000 0.00000 0.99877 0.00001 0.00122
0.00115 0.00187 0.83399 0.00615 0.05146 0.05771 0.04766
0.00339 0.00025 0.00002 0.01638 0.00431 0.00770 0.96795
0.01540 0.00007 0.00005 0.00187 0.00002 0.97583 0.00675
0.19881 0.01790 0.03835 0.04144 0.00837 0.37236 0.32276
0.00016 0.00015 0.02686 0.00767 0.00101 0.01551 0.94863
0.01399 0.00024 0.00004 0.02367 0.00226 0.90388 0.05593
0.00001 0.00000 0.00000 0.00000 0.00000 0.99978 0.00020
0.00001 0.00013 0.00001 0.03578 0.00057 0.00424 0.95926
0.28326 0.00144 0.00000 0.53342 0.00348 0.11203 0.06637
0.00691 0.03766 0.21276 0.00277 0.53585 0.11087 0.09317
0.06049 0.00001 0.00000 0.00000 0.00004 0.93527 0.00418
0.00000 0.00000 0.00000 0.00000 1.00000 0.00000 0.00000
0.00000 0.00005 0.00000 0.00002 0.00000 0.99984 0.00009
0.00029 0.00682 0.03959 0.00042 0.00425 0.87859 0.07004
0.00976 0.02271 0.00030 0.40699 0.05340 0.04000 0.46685
0.14630 0.00097 0.00001 0.26241 0.00014 0.13706 0.45311
0.01398 0.97856 0.00000 0.00008 0.00003 0.00204 0.00531
0.00016 0.00000 0.00000 0.00000 0.00001 0.99334 0.00648
0.00729 0.04388 0.03706 0.00336 0.06046 0.68222 0.16573
0.12739 0.01500 0.00077 0.00074 0.06713 0.02819 0.76078
0.05213 0.01323 0.00307 0.57775 0.00320 0.17668 0.17394
0.00874 0.00008 0.00004 0.03613 0.00000 0.87338 0.08163
0.09695 0.09429 0.01199 0.03397 0.04209 0.13782 0.58290
0.00095 0.00318 0.88476 0.00122 0.05649 0.02356 0.02985
0.05179 0.14967 0.04553 0.11052 0.02819 0.47556 0.13874
0.00011 0.00039 0.00063 0.00358 0.00002 0.98387 0.01138
0.61351 0.00023 0.00000 0.00051 0.00293 0.00237 0.38046
0.00008 0.00017 0.00000 0.00090 0.00000 0.99752 0.00133
0.32752 0.15364 0.03670 0.13355 0.03101 0.23950 0.07809
0.00000 0.00001 0.00000 0.00000 0.99900 0.00008 0.00091
0.00250 0.81842 0.07039 0.00045 0.01003 0.02207 0.07615
0.00050 0.00000 0.00001 0.01477 0.00002 0.00162 0.98308
0.00039 0.00023 0.00003 0.00001 0.00005 0.00285 0.99644
0.00107 0.00048 0.00001 0.51904 0.00041 0.00212 0.47688
0.21358 0.01532 0.00208 0.23261 0.00323 0.09282 0.44035
0.00073 0.00000 0.00000 0.00005 0.00006 0.00009 0.99907
0.00001 0.00001 0.00024 0.00002 0.99233 0.00087 0.00652
0.69296 0.03024 0.00298 0.03044 0.01837 0.06473 0.16027
0.02147 0.03737 0.05933 0.31272 0.04070 0.07272 0.45570
0.19338 0.05173 0.06647 0.32698 0.07376 0.14431 0.14337
0.00004 0.00008 0.00788 0.00001 0.97098 0.00309 0.01792
0.00403 0.01948 0.73658 0.00591 0.05790 0.10691 0.06919
0.00347 0.00265 0.00000 0.00001 0.00041 0.00022 0.99324
0.01308 0.00019 0.00000 0.00282 0.00189 0.00069 0.98132
0.00241 0.00027 0.00133 0.02447 0.00032 0.05087 0.92032
0.00345 0.00001 0.00066 0.06888 0.00001 0.90944 0.01756
0.00000 0.00000 0.00000 0.00000 0.00000 0.99997 0.00003
0.00357 0.00138 0.00125 0.00019 0.01410 0.01082 0.96870
0.83286 0.05509 0.00016 0.01665 0.00368 0.02456 0.06701
0.00424 0.04182 0.30566 0.03038 0.29869 0.12496 0.19426
0.00269 0.00016 0.00008 0.34459 0.00036 0.64214 0.00997
0.03310 0.00277 0.00378 0.05963 0.00827 0.24708 0.64538
0.22516 0.05005 0.00015 0.00377 0.00005 0.02506 0.69577
0.00000 0.00000 0.00035 0.00000 0.99860 0.00006 0.00100
0.00043 0.00042 0.00000 0.00071 0.00076 0.00150 0.99618
0.00000 0.00000 0.00120 0.00000 0.99817 0.00003 0.00061
0.00009 0.00001 0.00013 0.00004 0.00003 0.00071 0.99899
0.00002 0.00000 0.00029 0.00061 0.00026 0.00040 0.99842
0.92451 0.00045 0.00002 0.00395 0.00035 0.06680 0.00392
0.99545 0.00102 0.00000 0.00010 0.00003 0.00124 0.00215
0.00173 0.00008 0.00127 0.00074 0.00572 0.01099 0.97947
0.05196 0.00063 0.00219 0.00089 0.00037 0.93030 0.01365
0.00005 0.00000 0.00000 0.00001 0.00014 0.00006 0.99974
0.00000 0.00000 0.00000 0.00012 0.00000 0.99974 0.00014
0.00000 0.00000 0.00002 0.00003 0.24203 0.75474 0.00318
0.00004 0.00000 0.00002 0.00003 0.00014 0.00902 0.99074
0.00001 0.00000 0.00260 0.00002 0.33354 0.00141 0.66243
0.12219 0.06517 0.05546 0.02140 0.04043 0.15610 0.53925
0.00001 0.01457 0.00000 0.00000 0.00026 0.00046 0.98470
0.00806 0.00119 0.00019 0.94280 0.00021 0.03133 0.01622
0.00908 0.33245 0.00615 0.03012 0.24612 0.03904 0.33703
0.00031 0.00000 0.00012 0.03220 0.01301 0.00198 0.95238
0.16087 0.00014 0.00000 0.00105 0.00003 0.82662 0.01129
0.02013 0.00005 0.00001 0.24307 0.00010 0.60210 0.13453
0.00027 0.00005 0.00002 0.02256 0.00027 0.97259 0.00425
0.02065 0.00801 0.01668 0.00496 0.53607 0.08978 0.32384
0.01931 0.00109 0.01764 0.28416 0.07702 0.56858 0.03221
0.00226 0.03417 0.83034 0.00324 0.01851 0.07606 0.03543
0.78314 0.00205 0.00000 0.18067 0.00001 0.02850 0.00562
0.62936 0.02969 0.00538 0.03823 0.02984 0.18080 0.08670
0.52952 0.03596 0.00184 0.14902 0.00700 0.22451 0.05214
0.00010 0.00105 0.88101 0.00011 0.06713 0.01358 0.03701
0.89119 0.00006 0.00000 0.01113 0.00001 0.00321 0.09440
0.03589 0.08440 0.04763 0.30759 0.19056 0.22983 0.10409
0.02827 0.00709 0.00004 0.01996 0.00026 0.04206 0.90232
0.03316 0.02359 0.00619 0.69296 0.00874 0.01406 0.22129
0.22229 0.00068 0.00001 0.00974 0.00119 0.75738 0.00871
0.54472 0.00013 0.00000 0.08405 0.00001 0.00432 0.36677
0.00004 0.00001 0.00052 0.00230 0.00076 0.99324 0.00313
0.01515 0.00016 0.00362 0.00450 0.00111 0.96074 0.01472
0.00000 0.00000 0.00052 0.00001 0.00005 0.00012 0.99931
0.99978 0.00000 0.00000 0.00000 0.00000 0.00000 0.00021
