# Country Folk Indie Jazz Metal Pop Rock
0.57874 0.00153 0.00176 0.00570 0.01258 0.02453 0.37517
0.00081 0.00013 0.00023 0.00052 0.00021 0.00313 0.99496
0.75578 0.00002 0.00002 0.01153 0.00039 0.00448 0.22778
0.04229 0.00151 0.05154 0.00196 0.13231 0.28501 0.48539
0.73342 0.00066 0.00036 0.06692 0.00001 0.05428 0.14434
0.70280 0.00066 0.00085 0.00503 0.00030 0.02771 0.26265
0.99584 0.00003 0.00000 0.00087 0.00009 0.00037 0.00281
0.08326 0.00227 0.00012 0.00875 0.00266 0.02881 0.87413
0.19613 0.00294 0.00423 0.09646 0.08693 0.34157 0.27174
0.03888 0.00008 0.00071 0.01293 0.00087 0.61636 0.33017
0.62820 0.08898 0.02835 0.02884 0.00010 0.03345 0.19209
0.00008 0.00074 0.00590 0.00003 0.00045 0.00271 0.99009
0.00899 0.00001 0.00103 0.00031 0.04491 0.00832 0.93642
0.00013 0.00000 0.00008 0.00021 0.00298 0.00521 0.99139
0.99102 0.00000 0.00001 0.00011 0.00002 0.00137 0.00747
0.51154 0.00002 0.00000 0.00084 0.00003 0.01982 0.46776
0.00022 0.00007 0.00114 0.00094 0.00110 0.01165 0.98488
0.00152 0.01130 0.00750 0.00460 0.01800 0.06817 0.88891
0.00011 0.00226 0.23365 0.00013 0.66025 0.01960 0.08401
0.15371 0.00000 0.00000 0.00158 0.00019 0.01592 0.82859
0.03287 0.00172 0.00040 0.05819 0.00002 0.89616 0.01063
0.00600 0.00004 0.00040 0.00052 0.00062 0.01411 0.97830
0.00006 0.00222 0.00042 0.00565 0.01481 0.97218 0.00466
0.00003 0.00000 0.00007 0.00001 0.00001 0.00016 0.99971
0.79092 0.00009 0.00008 0.00882 0.00003 0.13104 0.06902
0.00270 0.00001 0.00015 0.12812 0.00071 0.76255 0.10576
0.01124 0.04224 0.36019 0.01710 0.11468 0.27368 0.18086
0.02936 0.00033 0.00005 0.00646 0.00550 0.08492 0.87338
0.00037 0.00005 0.00068 0.00003 0.00039 0.04205 0.95643
0.00025 0.00001 0.00229 0.00010 0.00750 0.20835 0.78152
0.18676 0.00100 0.00055 0.00933 0.00099 0.01147 0.78990
0.01426 0.00732 0.02255 0.00431 0.00260 0.04416 0.90481
0.00580 0.00002 0.00001 0.03758 0.00316 0.85793 0.09549
0.00391 0.00463 0.00041 0.00575 0.00289 0.00042 0.98199
0.33067 0.00020 0.00000 0.00388 0.00004 0.10010 0.56511
0.05057 0.00000 0.00008 0.00049 0.00020 0.00713 0.94154
0.00357 0.00016 0.00253 0.01915 0.00587 0.87428 0.09443
0.99763 0.00025 0.00000 0.00006 0.00003 0.00003 0.00199
0.79682 0.00003 0.00003 0.01335 0.00063 0.04126 0.14787
0.00392 0.00087 0.00053 0.00280 0.01174 0.01131 0.96883
0.00021 0.00221 0.05554 0.00106 0.64557 0.05030 0.24511
0.00437 0.00034 0.00020 0.00060 0.40815 0.00705 0.57929
0.00003 0.00001 0.00006 0.00085 0.00010 0.99817 0.00079
0.29912 0.00030 0.00105 0.58769 0.00009 0.04433 0.06742
0.00012 0.00000 0.00015 0.00029 0.00041 0.00158 0.99743
0.54306 0.02705 0.00032 0.33442 0.00116 0.01185 0.08214
0.00010 0.00034 0.00025 0.00195 0.88467 0.00186 0.11084
0.11582 0.00402 0.00009 0.14521 0.00002 0.17285 0.56199
0.00017 0.00001 0.00002 0.00194 0.02430 0.00178 0.97177
0.42207 0.00299 0.03717 0.03237 0.02208 0.09026 0.39306
0.00011 0.00001 0.00002 0.00051 0.00410 0.00331 0.99194
0.02226 0.00002 0.00002 0.01287 0.00156 0.12209 0.84118
0.00089 0.00222 0.00427 0.00589 0.00101 0.05249 0.93322
0.00017 0.00001 0.00571 0.00013 0.88892 0.00119 0.10386
0.00212 0.00009 0.00121 0.00244 0.00135 0.43706 0.55572
0.01240 0.00912 0.00016 0.12661 0.06998 0.47079 0.31093
0.06826 0.00074 0.00008 0.06203 0.02349 0.12896 0.71645
0.00065 0.00005 0.00002 0.98358 0.00004 0.01047 0.00518
0.00004 0.00062 0.00008 0.00003 0.99752 0.00007 0.00165
0.45736 0.00124 0.00083 0.30155 0.00106 0.03804 0.19991
0.00279 0.00034 0.00018 0.01703 0.00994 0.76870 0.20102
0.00026 0.00002 0.00001 0.00006 0.05495 0.00119 0.94352
0.00068 0.00001 0.00042 0.00022 0.00752 0.03729 0.95386
0.00052 0.00004 0.00352 0.00175 0.36480 0.00764 0.62174
0.03594 0.00074 0.00646 0.00821 0.00152 0.79202 0.15512
0.87974 0.00006 0.00002 0.07346 0.00015 0.02997 0.01660
0.00014 0.00001 0.00295 0.00007 0.00391 0.03925 0.95367
0.00122 0.00016 0.09566 0.00022 0.00439 0.01195 0.88640
0.01297 0.00331 0.00022 0.17503 0.01733 0.20797 0.58318
0.00007 0.00009 0.00004 0.00028 0.00161 0.97444 0.02346
0.00211 0.00016 0.02594 0.00152 0.01355 0.85399 0.10273
0.31054 0.00001 0.00000 0.56713 0.00036 0.10357 0.01839
0.03488 0.00018 0.00007 0.07556 0.02365 0.16595 0.69972
0.00057 0.00093 0.00149 0.00235 0.01173 0.01572 0.96720
0.48089 0.00118 0.00068 0.01449 0.00111 0.41552 0.08613
0.04159 0.00003 0.00271 0.00662 0.00471 0.05037 0.89397
0.01279 0.00088 0.00043 0.00664 0.01065 0.13314 0.83547
0.00021 0.00012 0.00024 0.00679 0.03730 0.93091 0.02443
0.02252 0.00098 0.00141 0.87788 0.00187 0.06327 0.03207
0.13175 0.00317 0.00965 0.11459 0.00009 0.23358 0.50717
0.00278 0.00683 0.00085 0.06250 0.00200 0.88847 0.03657
0.15692 0.00075 0.00008 0.00801 0.52509 0.00832 0.30083
0.04782 0.00004 0.00039 0.26855 0.00077 0.18843 0.49399
0.00014 0.00085 0.00003 0.46291 0.00149 0.52262 0.01196
0.03052 0.03967 0.00094 0.00853 0.00300 0.03124 0.88611
0.35723 0.00018 0.00011 0.01364 0.00007 0.06833 0.56044
0.65403 0.00015 0.00010 0.01001 0.00050 0.03591 0.29930
0.01858 0.00014 0.00010 0.00787 0.00033 0.67794 0.29503
0.00099 0.00236 0.00002 0.01709 0.01539 0.76408 0.20008
0.37661 0.00147 0.02731 0.00256 0.00009 0.02016 0.57181
0.21544 0.00033 0.00026 0.01607 0.00136 0.03618 0.73034
0.36674 0.00183 0.00114 0.01039 0.00398 0.02867 0.58725
0.03125 0.00033 0.00040 0.03408 0.00922 0.70725 0.21748
0.00000 0.00001 0.00000 0.00000 0.99670 0.00003 0.00325
0.03477 0.00010 0.00020 0.54807 0.00005 0.28761 0.12920
0.00019 0.00039 0.00034 0.00395 0.00181 0.78673 0.20659
0.00001 0.00000 0.00014 0.00000 0.00626 0.00004 0.99355
0.00007 0.00001 0.00009 0.00054 0.39638 0.00582 0.59710
0.00000 0.00000 0.00000 0.00000 0.99942 0.00001 0.00058
0.03318 0.00462 0.00974 0.00540 0.06230 0.07078 0.81398
0.08201 0.00388 0.00141 0.35570 0.02264 0.31327 0.22110
0.00053 0.00025 0.00013 0.00885 0.00203 0.12257 0.86563
0.00426 0.00058 0.00136 0.98883 0.00005 0.00257 0.00234
0.01169 0.00003 0.00022 0.00782 0.00222 0.01045 0.96756
0.00821 0.00032 0.00060 0.00641 0.00095 0.14953 0.83398
0.00022 0.00008 0.00106 0.00049 0.24738 0.00268 0.74809
0.00000 0.00000 0.00000 0.00000 0.99898 0.00000 0.00102
0.01283 0.00059 0.00004 0.81676 0.00030 0.10612 0.06335
0.00001 0.00001 0.00001 0.00027 0.00001 0.99965 0.00003
0.00008 0.00011 0.00062 0.00018 0.00991 0.00036 0.98875
0.97982 0.00015 0.00002 0.00277 0.00000 0.00510 0.01214
0.25334 0.00013 0.00006 0.53788 0.00032 0.03099 0.17728
0.03237 0.00020 0.00941 0.00687 0.00624 0.28734 0.65757
0.04668 0.14114 0.02409 0.18029 0.00507 0.06862 0.53410
0.00025 0.00001 0.00001 0.00031 0.00190 0.00176 0.99576
0.00064 0.00000 0.00005 0.00045 0.00131 0.04758 0.94997
0.00013 0.00037 0.00056 0.00033 0.00053 0.01468 0.98341
0.00234 0.00002 0.00003 0.00004 0.00034 0.00003 0.99720
0.01366 0.00016 0.00489 0.02414 0.02011 0.18377 0.75328
0.00774 0.05515 0.00001 0.11255 0.00014 0.77149 0.05293
0.00131 0.00060 0.00009 0.00777 0.36444 0.02009 0.60569
0.00054 0.00137 0.00026 0.00385 0.00395 0.96333 0.02671
0.04509 0.00000 0.00003 0.00195 0.00066 0.00239 0.94987
0.13180 0.03448 0.07600 0.02656 0.00241 0.11751 0.61123
0.00013 0.00002 0.00012 0.00080 0.00144 0.00203 0.99545
0.00132 0.01128 0.00094 0.00205 0.12049 0.00110 0.86282
0.00075 0.00044 0.00003 0.00025 0.04476 0.00160 0.95217
0.02577 0.00001 0.00002 0.00130 0.00224 0.00799 0.96266
0.00846 0.00779 0.00364 0.03770 0.00051 0.09168 0.85022
0.00101 0.00413 0.08871 0.00177 0.00078 0.03908 0.86452
0.36870 0.00002 0.00000 0.02788 0.00008 0.15533 0.44798
0.00009 0.00028 0.00047 0.00003 0.00002 0.00628 0.99284
0.70400 0.00307 0.00177 0.00699 0.00066 0.01735 0.26616
0.00218 0.00519 0.01074 0.00169 0.00454 0.67685 0.29882
0.00127 0.00004 0.00005 0.97678 0.00003 0.01681 0.00502
0.23842 0.00057 0.00029 0.29269 0.00007 0.40416 0.06380
0.91281 0.01156 0.00927 0.00060 0.00003 0.00120 0.06452
0.00296 0.00000 0.00001 0.00000 0.00119 0.00019 0.99564
0.00034 0.00002 0.00028 0.00036 0.11068 0.06527 0.82306
0.00003 0.00002 0.00743 0.00073 0.51170 0.08287 0.39722
0.00356 0.02619 0.00593 0.00188 0.16171 0.04069 0.76003
0.00146 0.00021 0.01635 0.00005 0.00772 0.25683 0.71738
0.00424 0.00158 0.00022 0.03801 0.01240 0.03886 0.90468
0.98562 0.00002 0.00000 0.00924 0.00000 0.00102 0.00409
0.66514 0.00001 0.00002 0.00232 0.00655 0.06856 0.25739
0.00949 0.00206 0.00014 0.05063 0.00087 0.33051 0.60630
0.03714 0.00047 0.00071 0.01730 0.08424 0.12887 0.73128
0.05159 0.00031 0.00028 0.22165 0.00739 0.33342 0.38536
0.00157 0.00347 0.03128 0.00087 0.00497 0.06701 0.89082
0.41494 0.00048 0.00005 0.34571 0.00048 0.08392 0.15443
0.20255 0.00147 0.00328 0.00515 0.00008 0.31359 0.47388
0.00200 0.00023 0.00007 0.07154 0.00029 0.92237 0.00350
0.00272 0.00004 0.00189 0.00534 0.08921 0.01118 0.88962
0.31263 0.00048 0.00053 0.15987 0.00440 0.25950 0.26259
0.00698 0.00080 0.00052 0.97808 0.00014 0.00420 0.00928
0.76231 0.00002 0.00000 0.01185 0.00010 0.01316 0.21255
0.00005 0.00000 0.00000 0.00002 0.00311 0.00014 0.99668
0.09205 0.00803 0.00092 0.00717 0.15575 0.00561 0.73048
0.00004 0.00000 0.00000 0.00411 0.00015 0.99484 0.00086
0.00141 0.00126 0.00070 0.00072 0.00225 0.72140 0.27226
0.00096 0.00121 0.00005 0.01799 0.01472 0.95314 0.01192
0.17412 0.00732 0.00045 0.19177 0.00932 0.05840 0.55863
0.02816 0.00150 0.00017 0.29697 0.00021 0.10418 0.56881
0.00000 0.00000 0.00001 0.00000 0.99872 0.00001 0.00126
0.00016 0.00037 0.00276 0.00021 0.19841 0.00174 0.79635
0.17698 0.00212 0.00030 0.43797 0.00377 0.09307 0.28579
0.62648 0.00008 0.00002 0.27239 0.00027 0.01073 0.09003
0.00226 0.00003 0.00002 0.00158 0.02002 0.01550 0.96058
0.04040 0.00035 0.00118 0.01522 0.01003 0.35055 0.58226
0.09469 0.00134 0.02656 0.02492 0.03025 0.01089 0.81134
0.00508 0.00009 0.00001 0.63508 0.00001 0.30379 0.05595
0.00209 0.00006 0.00022 0.00401 0.10329 0.02736 0.86298
0.00855 0.00000 0.00001 0.00052 0.00163 0.00194 0.98735
0.66612 0.00005 0.00001 0.01061 0.00032 0.01693 0.30594
0.99359 0.00002 0.00003 0.00106 0.00003 0.00051 0.00476
0.00000 0.00000 0.00001 0.00000 0.99930 0.00003 0.00066
0.01190 0.00001 0.00002 0.00122 0.00050 0.00671 0.97964
0.00075 0.00032 0.00422 0.00127 0.24351 0.01363 0.73631
0.00001 0.00002 0.00001 0.00004 0.99880 0.00026 0.00087
0.00310 0.00020 0.00024 0.02983 0.02948 0.06232 0.87482
0.00092 0.00718 0.26650 0.00002 0.51758 0.00056 0.20724
0.00005 0.00002 0.00004 0.00034 0.00002 0.99883 0.00071
0.01826 0.00008 0.00054 0.00148 0.01579 0.01148 0.95238
0.06108 0.00069 0.01880 0.00706 0.00530 0.64184 0.26522
0.00737 0.00018 0.00012 0.02952 0.00274 0.10337 0.85671
0.00200 0.00007 0.00003 0.00022 0.00190 0.00083 0.99496
0.00000 0.00001 0.00002 0.00000 0.99984 0.00006 0.00007
0.02906 0.00208 0.00022 0.22767 0.01107 0.19607 0.53382
0.00003 0.00001 0.00224 0.00001 0.50343 0.00130 0.49297
0.10060 0.00009 0.00041 0.02406 0.04440 0.02318 0.80728
0.00061 0.00136 0.00001 0.01955 0.04138 0.00348 0.93360
0.69140 0.00016 0.00005 0.00230 0.00197 0.00984 0.29428
0.19025 0.00060 0.00003 0.17097 0.00001 0.40817 0.22998
0.00029 0.00463 0.07604 0.00328 0.00715 0.88974 0.01886
0.00017 0.00000 0.00000 0.03345 0.00097 0.11741 0.84801
0.00921 0.00000 0.00004 0.00021 0.00309 0.00657 0.98088
0.01057 0.00005 0.01251 0.00022 0.02772 0.00497 0.94397
0.94962 0.02037 0.00030 0.00476 0.00003 0.00193 0.02299
0.01504 0.00028 0.00180 0.01711 0.00627 0.04562 0.91388
0.01971 0.00059 0.00003 0.06605 0.00292 0.01489 0.89581
0.27990 0.00020 0.00441 0.01820 0.00019 0.58716 0.10994
0.05758 0.00626 0.01028 0.01037 0.64432 0.02043 0.25076
0.01523 0.10216 0.00438 0.01572 0.00155 0.03161 0.82935
0.02052 0.41771 0.00002 0.00465 0.01171 0.00271 0.54268
0.07012 0.00375 0.02506 0.09046 0.00153 0.11644 0.69264
0.00065 0.00007 0.00050 0.00030 0.00034 0.98950 0.00863
0.08000 0.00063 0.00096 0.08861 0.00437 0.50290 0.32252
0.00001 0.00053 0.00222 0.00006 0.20888 0.00046 0.78784
0.00044 0.00042 0.08417 0.00136 0.01271 0.13128 0.76961
0.98189 0.00000 0.00000 0.00014 0.00005 0.00018 0.01773
0.04841 0.01659 0.01170 0.00949 0.00565 0.05034 0.85783
0.91190 0.00012 0.00000 0.00179 0.00066 0.00327 0.08226
0.87238 0.00001 0.00001 0.08787 0.00003 0.02289 0.01681
0.03894 0.01032 0.00278 0.00921 0.00253 0.17358 0.76264
0.00929 0.00023 0.00001 0.50374 0.00002 0.34160 0.14511
0.01003 0.00042 0.00012 0.00264 0.00255 0.61014 0.37410
0.00006 0.00201 0.01773 0.00008 0.85567 0.00579 0.11868
0.01856 0.00377 0.00077 0.43915 0.00095 0.40805 0.12875
0.00568 0.00032 0.00379 0.02831 0.00849 0.00246 0.95094
0.29767 0.00724 0.02896 0.00389 0.00023 0.08518 0.57683
0.00167 0.00115 0.00526 0.00296 0.43631 0.35545 0.19720
0.00003 0.00090 0.00148 0.00081 0.87432 0.00147 0.12099
0.02443 0.00061 0.00916 0.00115 0.00010 0.22423 0.74032
0.01236 0.00127 0.00378 0.03009 0.04720 0.71657 0.18873
0.03150 0.00005 0.00001 0.82104 0.00020 0.12170 0.02550
0.83065 0.00393 0.00009 0.01229 0.00139 0.03834 0.11330
0.01684 0.00088 0.00000 0.79524 0.00016 0.00344 0.18345
0.00009 0.00000 0.00002 0.00015 0.00008 0.00053 0.99913
0.00176 0.00005 0.00041 0.03622 0.00032 0.79394 0.16731
0.00682 0.00261 0.00014 0.88152 0.00005 0.05791 0.05095
0.08561 0.00023 0.00000 0.00107 0.00003 0.03642 0.87664
0.40783 0.00126 0.00101 0.00144 0.00093 0.06306 0.52447
0.00016 0.00006 0.01008 0.00055 0.35010 0.31538 0.32366
0.03145 0.00878 0.00009 0.00363 0.05337 0.71667 0.18600
0.00017 0.00012 0.00005 0.00046 0.00084 0.99707 0.00129
0.00949 0.00206 0.00014 0.05063 0.00087 0.33051 0.60630
0.00117 0.00031 0.00007 0.00566 0.00273 0.46687 0.52318
0.29153 0.00046 0.00060 0.00602 0.00002 0.08101 0.62035
0.22055 0.01083 0.00294 0.06050 0.00037 0.28970 0.41509
0.00001 0.00000 0.00000 0.99739 0.00001 0.00135 0.00123
0.00212 0.00006 0.00018 0.02711 0.01440 0.03222 0.92391
0.00061 0.00000 0.00000 0.00004 0.00109 0.00705 0.99121
0.00069 0.00003 0.00001 0.00035 0.00052 0.01496 0.98345
0.01668 0.00106 0.00130 0.01396 0.02956 0.41571 0.52173
0.00001 0.00001 0.00022 0.00075 0.74207 0.02854 0.22840
0.17226 0.00003 0.00001 0.36622 0.00002 0.26974 0.19172
0.00376 0.00084 0.00020 0.00027 0.14374 0.00034 0.85084
0.00033 0.00057 0.00018 0.00007 0.99443 0.00029 0.00413
0.00545 0.00486 0.00331 0.02813 0.00088 0.19617 0.76119
0.03042 0.01365 0.00668 0.00776 0.00016 0.92971 0.01163
0.19567 0.00289 0.00083 0.09951 0.10487 0.42248 0.17374
0.00434 0.00067 0.00012 0.01371 0.01810 0.03609 0.92697
0.01142 0.01280 0.88439 0.00784 0.00348 0.04970 0.03037
0.00013 0.00012 0.00003 0.05000 0.03496 0.76715 0.14761
0.01221 0.00066 0.00018 0.00402 0.67373 0.03174 0.27746
0.72088 0.00029 0.00056 0.01974 0.01300 0.00578 0.23974
0.01103 0.00004 0.00000 0.83483 0.00021 0.04639 0.10751
0.03044 0.00001 0.00006 0.00041 0.00022 0.14588 0.82298
0.98586 0.00001 0.00000 0.00319 0.00008 0.00113 0.00973
0.53597 0.03778 0.00438 0.14208 0.03351 0.20359 0.04270
0.40980 0.00048 0.00009 0.00113 0.00004 0.00715 0.58131
0.32075 0.00015 0.00590 0.00541 0.00073 0.42749 0.23958
0.00055 0.00010 0.00024 0.00227 0.01502 0.94277 0.03905
0.00198 0.00171 0.01161 0.01030 0.00033 0.02019 0.95388
0.00374 0.00003 0.00044 0.00954 0.00038 0.80271 0.18317
0.00014 0.00006 0.00002 0.00014 0.99211 0.00136 0.00617
0.00000 0.00000 0.00000 0.00000 0.99981 0.00000 0.00019
0.15349 0.00009 0.00000 0.18530 0.00049 0.02887 0.63176
0.03293 0.00025 0.00016 0.62502 0.00009 0.20357 0.13798
0.00038 0.00030 0.00845 0.00261 0.33116 0.23784 0.41927
0.04513 0.00121 0.00231 0.00216 0.09778 0.08842 0.76298
0.13539 0.00012 0.00054 0.00237 0.00065 0.03479 0.82615
0.01819 0.00164 0.00360 0.00697 0.00204 0.17167 0.79589
0.01488 0.01727 0.40190 0.00377 0.01067 0.10563 0.44588
0.28501 0.00992 0.01277 0.09177 0.01078 0.11592 0.47382
0.04476 0.00426 0.02235 0.02727 0.69283 0.02185 0.18669
0.01187 0.01207 0.00399 0.00656 0.00299 0.92373 0.03879
0.01151 0.00098 0.02606 0.02464 0.07618 0.08183 0.77880
0.01296 0.00093 0.00027 0.00048 0.00163 0.00077 0.98296
0.00875 0.00027 0.00029 0.82741 0.00003 0.08891 0.07434
0.00062 0.00155 0.01378 0.00790 0.80670 0.03651 0.13294
0.00430 0.00034 0.00085 0.14771 0.00666 0.30062 0.53952
0.00004 0.00089 0.02749 0.00009 0.78067 0.03592 0.15491
0.01744 0.00078 0.00078 0.04247 0.00053 0.45353 0.48447
0.00002 0.00001 0.00000 0.00022 0.00036 0.00185 0.99754
0.00187 0.00252 0.00250 0.00367 0.00025 0.96629 0.02290
0.00038 0.00001 0.00024 0.00026 0.05556 0.00335 0.94020
0.00089 0.00003 0.00293 0.00102 0.00065 0.02405 0.97044
0.00014 0.00056 0.00877 0.00007 0.04635 0.01169 0.93243
0.09229 0.00007 0.00000 0.02916 0.00044 0.08678 0.79125
0.00944 0.00634 0.00002 0.06817 0.01527 0.04799 0.85277
0.00005 0.00000 0.00006 0.00007 0.00021 0.00059 0.99902
0.01575 0.00508 0.00221 0.05953 0.01344 0.50081 0.40318
0.00032 0.00004 0.00001 0.40598 0.00006 0.02910 0.56450
0.00075 0.00079 0.23675 0.00137 0.00064 0.29131 0.46840
0.24529 0.00039 0.00023 0.00277 0.00067 0.36541 0.38525
0.69662 0.00226 0.00127 0.03138 0.00244 0.05785 0.20817
0.04035 0.01140 0.00009 0.01142 0.04028 0.06305 0.83341
0.00076 0.00002 0.00269 0.00120 0.04031 0.00994 0.94509
0.00075 0.00012 0.00031 0.00053 0.00002 0.98984 0.00843
0.00000 0.00000 0.00000 0.00000 0.99993 0.00000 0.00007
0.08766 0.00018 0.00025 0.00535 0.00104 0.04329 0.86223
0.91230 0.00232 0.00007 0.00391 0.00003 0.00337 0.07800
0.00000 0.00000 0.00000 0.00000 0.99997 0.00000 0.00003
0.00000 0.00000 0.00000 0.00000 0.99994 0.00002 0.00004
0.01377 0.00001 0.00000 0.06485 0.00055 0.41748 0.50333
0.00006 0.00006 0.00741 0.00004 0.14160 0.00642 0.84440
0.09821 0.00084 0.01098 0.00763 0.00327 0.67661 0.20245
0.00130 0.00187 0.00002 0.04853 0.00611 0.27867 0.66350
0.33917 0.02552 0.06745 0.00947 0.00634 0.06946 0.48259
0.00540 0.00354 0.01578 0.01306 0.03185 0.84180 0.08856
0.00128 0.00022 0.00434 0.00145 0.16308 0.02728 0.80234
0.00960 0.00154 0.00182 0.00803 0.00751 0.41694 0.55456
0.00057 0.00003 0.00002 0.79544 0.00024 0.09675 0.10696
0.00860 0.00011 0.00030 0.01202 0.00406 0.02777 0.94714
0.01019 0.00121 0.00160 0.04563 0.09308 0.24737 0.60092
0.98997 0.00066 0.00003 0.00548 0.00027 0.00098 0.00262
0.00176 0.00013 0.00007 0.90961 0.00003 0.07526 0.01313
0.00048 0.00008 0.00051 0.00180 0.13460 0.01554 0.84700
0.01540 0.00019 0.00018 0.95889 0.00008 0.01372 0.01153
0.00002 0.00019 0.00050 0.00021 0.84452 0.00140 0.15316
0.07501 0.00017 0.00199 0.00158 0.01857 0.00397 0.89871
0.00000 0.00000 0.00000 0.00000 0.99994 0.00002 0.00004
0.99245 0.00025 0.00001 0.00059 0.00017 0.00019 0.00634
0.00547 0.00001 0.00005 0.20186 0.00297 0.62696 0.16269
0.00790 0.00006 0.00047 0.00016 0.01191 0.01562 0.96387
0.00000 0.00001 0.00002 0.00000 0.99977 0.00017 0.00002
0.06305 0.00442 0.00076 0.03061 0.00447 0.14177 0.75492
0.00029 0.00021 0.00272 0.00687 0.12259 0.72655 0.14077
0.00214 0.00070 0.01806 0.00206 0.03110 0.27388 0.67207
0.00035 0.00028 0.00016 0.00099 0.10398 0.75097 0.14327
0.16893 0.01272 0.02458 0.06632 0.39829 0.02593 0.30323
0.25381 0.00224 0.00001 0.08942 0.00105 0.00850 0.64498
0.03164 0.10966 0.00610 0.13772 0.02577 0.00709 0.68201
0.00010 0.00185 0.00672 0.00342 0.01614 0.03046 0.94131
0.00762 0.00002 0.00013 0.00107 0.00720 0.02969 0.95427
0.00018 0.00037 0.00014 0.00251 0.16520 0.00156 0.83004
0.00373 0.00044 0.00001 0.00779 0.00029 0.11955 0.86820
0.37580 0.00071 0.00077 0.49985 0.00025 0.05375 0.06889
0.03736 0.01267 0.00061 0.76841 0.00061 0.03329 0.14705
0.01420 0.00002 0.00007 0.00021 0.00303 0.00040 0.98208
0.05691 0.00091 0.00007 0.03548 0.00062 0.02890 0.87711
0.99754 0.00001 0.00005 0.00012 0.00000 0.00009 0.00219
0.22025 0.32467 0.21547 0.05119 0.06476 0.09748 0.02618
0.00392 0.09475 0.00935 0.00100 0.00407 0.00154 0.88539
0.02313 0.00008 0.00000 0.89488 0.00000 0.05304 0.02887
0.00366 0.22017 0.72819 0.00105 0.00235 0.00450 0.04008
0.02029 0.00009 0.00001 0.04009 0.00003 0.90356 0.03593
0.13469 0.00621 0.00023 0.65052 0.00068 0.03863 0.16904
0.58282 0.00305 0.00484 0.00948 0.00118 0.07379 0.32484
0.00759 0.00014 0.00327 0.00471 0.01840 0.22278 0.74312
0.18988 0.00021 0.00011 0.02894 0.00739 0.00856 0.76490
0.34503 0.00022 0.00100 0.10852 0.00004 0.06897 0.47622
0.00025 0.00001 0.00021 0.00107 0.00259 0.00585 0.99001
0.01069 0.00015 0.00006 0.00201 0.00015 0.90866 0.07827
0.05038 0.00352 0.00024 0.12131 0.00185 0.19255 0.63015
0.00820 0.00006 0.00020 0.00038 0.81025 0.02411 0.15679
0.67690 0.00003 0.00003 0.03709 0.00007 0.03501 0.25087
0.00000 0.00008 0.00000 0.00000 0.99986 0.00000 0.00006
0.03736 0.00096 0.00047 0.13913 0.00284 0.06333 0.75591
0.04809 0.00787 0.01153 0.21416 0.01652 0.10203 0.59980
0.52548 0.00401 0.00032 0.14507 0.00286 0.09514 0.22712
0.12889 0.00081 0.00039 0.32137 0.00030 0.35092 0.19731
0.22697 0.00368 0.00157 0.08529 0.00020 0.04822 0.63407
0.03018 0.00026 0.00026 0.09589 0.00163 0.10613 0.76565
0.00008 0.00092 0.00084 0.00079 0.44428 0.00013 0.55296
0.00000 0.00001 0.00000 0.00001 0.99974 0.00006 0.00018
0.80188 0.00013 0.00067 0.04480 0.00031 0.02205 0.13016
0.00460 0.00060 0.00064 0.17119 0.01156 0.04303 0.76837
0.00629 0.00102 0.00118 0.01073 0.26765 0.70100 0.01214
0.03438 0.00005 0.00000 0.02922 0.00002 0.79767 0.13867
0.00000 0.00000 0.00000 0.00000 0.98327 0.00002 0.01671
0.04604 0.00252 0.05318 0.01777 0.03456 0.06793 0.77800
0.02079 0.00051 0.00227 0.68310 0.00090 0.04235 0.25007
0.00018 0.00001 0.00001 0.00022 0.00004 0.99855 0.00099
0.00283 0.00017 0.00270 0.01168 0.00166 0.83927 0.14169
0.04748 0.02026 0.00054 0.02492 0.00007 0.74749 0.15923
0.09584 0.00095 0.00067 0.00007 0.00050 0.00120 0.90078
0.00004 0.00000 0.00011 0.00000 0.00330 0.00124 0.99531
0.02419 0.00018 0.00025 0.84002 0.00005 0.05272 0.08259
0.00019 0.00017 0.00038 0.00017 0.00352 0.00442 0.99115
0.00025 0.00071 0.00173 0.00015 0.01815 0.25414 0.72487
0.00000 0.00000 0.00000 0.00000 0.99914 0.00000 0.00086
0.35087 0.00674 0.00193 0.09009 0.01145 0.03748 0.50145
0.00313 0.00001 0.00001 0.00011 0.00021 0.00017 0.99635
0.01451 0.00268 0.00030 0.02642 0.06748 0.00416 0.88445
0.24321 0.01026 0.01533 0.70714 0.00182 0.01598 0.00625
0.09810 0.00436 0.00059 0.21169 0.04274 0.22546 0.41705
0.56035 0.00137 0.00001 0.01039 0.00216 0.02644 0.39927
0.00000 0.00000 0.00000 0.00000 0.99997 0.00000 0.00003
0.00791 0.00021 0.00080 0.00030 0.08851 0.05544 0.84683
0.00425 0.01147 0.02901 0.02027 0.05412 0.87377 0.00710
0.00005 0.00002 0.00282 0.00001 0.05318 0.00029 0.94363
0.82009 0.00334 0.00005 0.01850 0.00010 0.00274 0.15518
0.00043 0.00006 0.00195 0.04250 0.00842 0.22676 0.71987
0.02044 0.00011 0.00003 0.01098 0.00186 0.21759 0.74900
0.02019 0.00029 0.00001 0.95377 0.00001 0.01444 0.01129
0.29220 0.00236 0.00315 0.55377 0.00058 0.05066 0.09728
0.00028 0.00015 0.00086 0.00002 0.95223 0.00286 0.04358
0.13432 0.01319 0.00059 0.06680 0.00212 0.40327 0.37971
0.00801 0.00015 0.00077 0.00059 0.00924 0.13056 0.85068
0.00053 0.00072 0.03021 0.00354 0.02714 0.24149 0.69637
0.00049 0.00952 0.02474 0.00057 0.00014 0.06405 0.90048
0.23931 0.00016 0.00002 0.51918 0.00002 0.03109 0.21021
0.77703 0.04042 0.00108 0.02221 0.00221 0.09015 0.06691
0.00843 0.00009 0.00017 0.00191 0.02236 0.00447 0.96256
0.05420 0.00016 0.00000 0.00156 0.00046 0.00183 0.94178
0.21245 0.00111 0.00034 0.00026 0.00003 0.01271 0.77309
0.00035 0.00919 0.07101 0.00009 0.00691 0.00178 0.91066
0.02196 0.00329 0.00412 0.07060 0.04692 0.07978 0.77333
0.00035 0.00004 0.00437 0.00236 0.02948 0.94857 0.01484
0.00011 0.00001 0.00002 0.00047 0.00357 0.00005 0.99578
0.97759 0.00001 0.00007 0.00391 0.00017 0.00138 0.01687
0.00000 0.00000 0.00000 0.00002 0.95126 0.00000 0.04871
0.72029 0.00003 0.00000 0.00424 0.00005 0.00260 0.27278
0.01930 0.00031 0.00003 0.01369 0.00629 0.14372 0.81667
0.01771 0.00063 0.00050 0.03051 0.02766 0.15912 0.76386
0.00077 0.00271 0.01916 0.00191 0.87140 0.00755 0.09649
0.00172 0.01613 0.29534 0.00014 0.00072 0.02072 0.66524
0.00130 0.00462 0.00053 0.01116 0.00035 0.89952 0.08253
0.09394 0.00262 0.00215 0.01048 0.00020 0.03039 0.86022
0.01788 0.00000 0.00103 0.08315 0.00024 0.18835 0.70936
0.02227 0.55716 0.08526 0.13019 0.00075 0.06425 0.14012
0.42016 0.00082 0.00002 0.24941 0.00002 0.22864 0.10093
0.00008 0.00006 0.01341 0.00006 0.00003 0.00044 0.98593
0.13553 0.01096 0.00007 0.00143 0.00456 0.00610 0.84135
0.02329 0.00706 0.00097 0.41216 0.01818 0.21186 0.32649
0.00073 0.00001 0.00081 0.00037 0.00141 0.00130 0.99537
0.74261 0.00067 0.00007 0.02584 0.00252 0.00655 0.22174
0.98731 0.00002 0.00000 0.00031 0.00014 0.00018 0.01203
0.01721 0.00853 0.00034 0.00405 0.33451 0.00367 0.63169
0.73220 0.00361 0.00400 0.08205 0.00711 0.02432 0.14671
0.01022 0.00001 0.00001 0.00056 0.00134 0.00591 0.98195
0.08182 0.00024 0.00005 0.22841 0.00001 0.42839 0.26107
0.00386 0.00003 0.00000 0.98510 0.00000 0.00137 0.00965
0.42770 0.00022 0.00060 0.22264 0.00041 0.27795 0.07047
0.11396 0.00025 0.00013 0.50298 0.00030 0.28322 0.09915
0.00365 0.00006 0.00003 0.98269 0.00000 0.00777 0.00581
0.04620 0.00035 0.00001 0.88826 0.00426 0.03225 0.02867
0.08364 0.00012 0.00001 0.06806 0.00023 0.46695 0.38098
0.05632 0.00060 0.00098 0.05290 0.02461 0.30186 0.56274
0.01516 0.00009 0.00032 0.00436 0.00995 0.00128 0.96883
0.00001 0.00000 0.00002 0.00001 0.93571 0.00120 0.06305
0.33202 0.00356 0.03150 0.00480 0.00144 0.41132 0.21537
0.00151 0.00061 0.00361 0.00736 0.37650 0.20669 0.40372
0.00445 0.00101 0.00030 0.82372 0.00004 0.02821 0.14227
0.00003 0.00031 0.00512 0.00009 0.09537 0.15956 0.73953
0.00473 0.00032 0.00032 0.00046 0.00001 0.38961 0.60455
0.36096 0.00051 0.00105 0.17774 0.00184 0.03560 0.42231
0.00000 0.00020 0.00031 0.00002 0.99798 0.00034 0.00115
0.00150 0.00001 0.00105 0.00060 0.00253 0.00024 0.99407
0.08071 0.00020 0.00047 0.00188 0.00031 0.15424 0.76218
0.41282 0.00128 0.00365 0.08673 0.00025 0.11557 0.37970
0.00017 0.00000 0.00000 0.00007 0.00143 0.00092 0.99740
0.00069 0.00005 0.00010 0.08181 0.00307 0.58354 0.33075
0.02106 0.02959 0.07037 0.00123 0.00086 0.56331 0.31358
0.00045 0.00048 0.00007 0.00520 0.00030 0.94770 0.04581
0.01297 0.00094 0.00117 0.14328 0.04469 0.06810 0.72885
0.00027 0.00004 0.00032 0.00201 0.00126 0.00614 0.98997
0.08223 0.00038 0.00133 0.01156 0.02375 0.01978 0.86096
0.03047 0.10453 0.00249 0.02278 0.22563 0.15197 0.46214
0.01540 0.00254 0.00010 0.04548 0.00084 0.00150 0.93415
0.00029 0.00027 0.00005 0.02561 0.00038 0.95438 0.01902
0.00566 0.00024 0.00115 0.00470 0.69741 0.01014 0.28070
0.00008 0.00008 0.06497 0.00031 0.00596 0.01200 0.91660
0.02518 0.00342 0.10467 0.03396 0.02203 0.29426 0.51647
0.00189 0.00174 0.00345 0.04109 0.00475 0.69954 0.24753
0.42253 0.02870 0.00372 0.02709 0.00618 0.36876 0.14301
0.06279 0.00009 0.00054 0.00072 0.00025 0.01430 0.92130
0.04674 0.00914 0.04609 0.01214 0.00436 0.02088 0.86065
0.42728 0.00101 0.00144 0.36298 0.00114 0.07804 0.12810
0.00204 0.00165 0.00428 0.00310 0.00279 0.06970 0.91643
0.00574 0.00241 0.04907 0.00080 0.11244 0.04481 0.78472
0.97746 0.00105 0.00545 0.00134 0.00001 0.00105 0.01363
0.91417 0.00008 0.00001 0.00086 0.00080 0.00262 0.08145
0.00015 0.00021 0.00739 0.00024 0.00274 0.15895 0.83032
0.00000 0.00000 0.00001 0.00000 0.99716 0.00016 0.00267
0.00951 0.00249 0.00358 0.00345 0.00094 0.01886 0.96117
0.00011 0.00000 0.00002 0.00003 0.00218 0.00003 0.99763
0.00230 0.00024 0.00017 0.98633 0.00008 0.00674 0.00414
0.32389 0.00033 0.00111 0.01183 0.00130 0.03359 0.62795
0.00012 0.00166 0.08286 0.00152 0.00199 0.03591 0.87594
0.00144 0.00017 0.00007 0.13605 0.00040 0.80734 0.05453
0.00252 0.00042 0.00002 0.00853 0.00064 0.92621 0.06166
0.00741 0.00007 0.00005 0.95066 0.00007 0.01544 0.02629
0.00252 0.00069 0.00206 0.00336 0.01899 0.68372 0.28866
0.00540 0.00000 0.00002 0.00092 0.00301 0.00282 0.98781
0.62786 0.00015 0.00040 0.00485 0.00075 0.01735 0.34865
0.61740 0.00009 0.00001 0.14252 0.00187 0.03598 0.20214
0.30378 0.01583 0.00139 0.02863 0.01291 0.26031 0.37715
0.03941 0.00000 0.00000 0.08552 0.00044 0.15091 0.72371
0.13159 0.00001 0.00000 0.04962 0.00352 0.10032 0.71493
0.00021 0.00007 0.00039 0.00258 0.01500 0.74057 0.24118
0.00183 0.00003 0.00104 0.00161 0.00040 0.47549 0.51961
0.02855 0.00536 0.00353 0.00706 0.48737 0.02379 0.44434
0.00065 0.00034 0.00180 0.00479 0.00125 0.97176 0.01940
0.00028 0.00000 0.00000 0.96264 0.00000 0.00648 0.03060
0.01145 0.00084 0.00011 0.01523 0.07469 0.00800 0.88969
0.00008 0.00004 0.01593 0.00006 0.00147 0.00056 0.98185
0.00000 0.00000 0.00001 0.00000 0.99934 0.00001 0.00064
0.96958 0.00005 0.00000 0.00109 0.00086 0.00111 0.02731
0.01929 0.06516 0.00055 0.26942 0.00151 0.09162 0.55245
0.00063 0.00019 0.00017 0.00248 0.01345 0.04758 0.93550
0.01841 0.08210 0.01391 0.00969 0.00275 0.00806 0.86509
0.00158 0.00368 0.00009 0.91251 0.00027 0.03075 0.05112
0.00011 0.00006 0.00483 0.00001 0.00842 0.00056 0.98600
0.00276 0.00405 0.00436 0.31684 0.00047 0.27643 0.39509
0.17516 0.00017 0.00000 0.33696 0.00000 0.08493 0.40279
0.95754 0.00008 0.00000 0.00015 0.00067 0.00069 0.04088
0.02671 0.00010 0.01186 0.00227 0.00624 0.01225 0.94057
0.00220 0.00000 0.00000 0.78034 0.00007 0.11454 0.10285
0.04536 0.00076 0.00560 0.00065 0.01970 0.00612 0.92180
0.37612 0.00054 0.00361 0.01204 0.00692 0.24935 0.35142
0.75510 0.00070 0.00022 0.04123 0.00064 0.06616 0.13594
0.00061 0.00022 0.01143 0.00399 0.39696 0.01364 0.57315
0.17067 0.00162 0.00249 0.05957 0.00073 0.58122 0.18370
0.00081 0.00000 0.00001 0.00013 0.00007 0.00472 0.99425
0.00100 0.00349 0.00010 0.04241 0.00578 0.27021 0.67701
0.00956 0.00006 0.00131 0.00415 0.00014 0.42162 0.56316
0.00547 0.00001 0.00005 0.20186 0.00297 0.62696 0.16269
0.00996 0.00090 0.01082 0.02625 0.02412 0.41360 0.51435
0.00068 0.00000 0.00001 0.00008 0.00165 0.00210 0.99548
0.00217 0.00499 0.00033 0.11617 0.00336 0.85292 0.02006
0.01542 0.00064 0.00011 0.17440 0.00318 0.52602 0.28024
0.01675 0.00119 0.00002 0.04153 0.00512 0.12304 0.81234
0.00022 0.00131 0.02335 0.00128 0.74320 0.00923 0.22142
0.01412 0.00108 0.00211 0.01024 0.00365 0.14870 0.82009
0.00151 0.01362 0.01202 0.00226 0.00269 0.88041 0.08749
0.00017 0.00032 0.53276 0.00357 0.08472 0.09810 0.28037
0.00288 0.00339 0.00062 0.02126 0.00535 0.49268 0.47382
0.00686 0.00026 0.00020 0.00803 0.12607 0.11022 0.74837
0.02208 0.00092 0.00685 0.00187 0.02165 0.00798 0.93866
0.25305 0.00034 0.00010 0.25126 0.00005 0.17609 0.31913
0.00331 0.00673 0.00095 0.09317 0.01219 0.24380 0.63986
0.00043 0.00014 0.00004 0.54041 0.00006 0.41541 0.04351
0.71291 0.00181 0.00115 0.01436 0.00010 0.03289 0.23677
0.07871 0.00012 0.00027 0.00295 0.00024 0.01538 0.90233
0.02722 0.00325 0.00057 0.00264 0.00528 0.01818 0.94286
0.99361 0.00002 0.00001 0.00202 0.00005 0.00114 0.00316
0.21019 0.00167 0.00178 0.00972 0.01325 0.04470 0.71869
0.00053 0.00003 0.00085 0.00123 0.03347 0.05019 0.91369
0.00443 0.00316 0.00069 0.02366 0.18105 0.01227 0.77473
0.08227 0.00067 0.00011 0.50551 0.00012 0.32649 0.08482
0.02858 0.00223 0.01715 0.03631 0.00733 0.11358 0.79482
0.99762 0.00002 0.00000 0.00150 0.00013 0.00002 0.00071
0.00135 0.00019 0.00202 0.00010 0.00004 0.00307 0.99324
0.00027 0.00027 0.00010 0.01250 0.00202 0.97285 0.01199
0.02599 0.00010 0.00009 0.00051 0.00072 0.09016 0.88243
0.02458 0.00007 0.00087 0.00238 0.00117 0.11334 0.85759
0.00260 0.00007 0.00023 0.00042 0.31461 0.15081 0.53127
0.06075 0.00009 0.00001 0.00720 0.00005 0.01044 0.92146
0.03676 0.00007 0.00044 0.00669 0.00071 0.07222 0.88311
0.08474 0.00206 0.00162 0.00222 0.00063 0.04423 0.86451
0.19925 0.00321 0.00078 0.02625 0.00880 0.09187 0.66983
0.00066 0.00030 0.00499 0.02234 0.00383 0.20417 0.76372
0.00764 0.00006 0.00042 0.17798 0.00267 0.19851 0.61272
0.10299 0.02680 0.00013 0.02746 0.23003 0.04574 0.56685
0.04672 0.00692 0.00629 0.18637 0.00216 0.37928 0.37225
0.03428 0.00018 0.00269 0.00030 0.00011 0.03258 0.92986
0.00237 0.00013 0.04316 0.00074 0.00088 0.51412 0.43860
0.00007 0.00000 0.00033 0.00006 0.85804 0.11547 0.02603
0.01568 0.00005 0.00010 0.57809 0.00045 0.34733 0.05829
0.00366 0.00006 0.00008 0.00694 0.00076 0.04523 0.94327
0.00024 0.00039 0.00122 0.00222 0.00135 0.00718 0.98740
0.00207 0.00295 0.00110 0.00480 0.00052 0.11202 0.87654
0.01023 0.00300 0.00094 0.11509 0.04201 0.08829 0.74044
0.00107 0.04306 0.00395 0.00193 0.49198 0.19563 0.26237
0.01347 0.00132 0.00051 0.01464 0.00237 0.73694 0.23075
0.00175 0.00103 0.00046 0.81696 0.00009 0.12886 0.05086
0.08301 0.00924 0.03230 0.13805 0.35320 0.03951 0.34469
0.00106 0.00057 0.00863 0.00215 0.48051 0.01212 0.49496
0.00008 0.00096 0.00246 0.00064 0.88806 0.01798 0.08981
0.95943 0.00027 0.00042 0.00848 0.00048 0.01483 0.01609
0.89364 0.00000 0.00006 0.02424 0.00001 0.01585 0.06621
0.00143 0.00036 0.00002 0.03691 0.00001 0.01766 0.94361
0.23397 0.00340 0.00010 0.02093 0.00499 0.13980 0.59681
0.02361 0.00005 0.00050 0.00133 0.02195 0.04182 0.91075
0.00312 0.00062 0.01477 0.00498 0.17812 0.07687 0.72151
0.30649 0.00005 0.00014 0.00300 0.00541 0.00274 0.68217
0.00121 0.00146 0.00123 0.00168 0.00021 0.97987 0.01434
0.00256 0.04923 0.30559 0.00122 0.00318 0.22408 0.41415
0.65631 0.00243 0.00011 0.08224 0.00178 0.03518 0.22195
0.02462 0.00078 0.00799 0.01569 0.00077 0.35159 0.59855
0.00005 0.00012 0.00038 0.00016 0.02162 0.07280 0.90488
0.00001 0.00001 0.00080 0.00001 0.35839 0.00022 0.64057
0.00000 0.00001 0.00002 0.00000 0.99428 0.00001 0.00568
0.00068 0.00002 0.00279 0.00638 0.00935 0.12450 0.85626
0.64782 0.03558 0.00140 0.02937 0.00002 0.03433 0.25148
0.00004 0.00001 0.00123 0.00004 0.00003 0.00022 0.99843
0.00003 0.00001 0.00001 0.00008 0.00886 0.00184 0.98917
0.04429 0.00033 0.00001 0.27194 0.00033 0.37654 0.30655
0.00037 0.00002 0.00005 0.00196 0.00035 0.00504 0.99220
0.71389 0.00002 0.00001 0.00598 0.00076 0.00580 0.27352
0.00094 0.00182 0.00164 0.00149 0.25156 0.01148 0.73105
0.21159 0.00431 0.00465 0.05761 0.07899 0.16061 0.48224
0.00072 0.00883 0.01147 0.00283 0.86076 0.00613 0.10926
0.04018 0.01770 0.00829 0.01255 0.03465 0.32483 0.56180
0.06797 0.00509 0.00389 0.01802 0.01104 0.09761 0.79637
0.01544 0.00096 0.00492 0.00238 0.01116 0.03896 0.92618
0.00135 0.00020 0.00046 0.00398 0.04117 0.00882 0.94401
0.00160 0.00008 0.00000 0.05016 0.00003 0.52937 0.41875
0.00598 0.00082 0.00285 0.00733 0.00017 0.94992 0.03293
0.02260 0.00003 0.00004 0.80433 0.00002 0.09505 0.07793
0.00013 0.00041 0.00005 0.00016 0.00016 0.00063 0.99846
0.00348 0.00013 0.00004 0.04626 0.00457 0.00606 0.93945
0.04220 0.00079 0.00332 0.83308 0.00070 0.10339 0.01652
0.05407 0.02182 0.00001 0.70685 0.00011 0.09906 0.11808
0.15095 0.00079 0.00044 0.09501 0.00069 0.12080 0.63130
0.00059 0.00000 0.00001 0.22238 0.00896 0.70752 0.06054
0.34492 0.00011 0.00091 0.02293 0.00114 0.04302 0.58696
0.03315 0.00005 0.00001 0.00094 0.00655 0.00487 0.95443
0.90867 0.07851 0.00158 0.00029 0.00051 0.00010 0.01034
0.22533 0.00602 0.00172 0.62450 0.00038 0.11777 0.02429
0.94050 0.00003 0.00000 0.00343 0.00004 0.00069 0.05531
0.00003 0.00001 0.00000 0.00027 0.00001 0.99922 0.00046
0.00509 0.01732 0.00137 0.01408 0.24577 0.03861 0.67776
0.05336 0.00712 0.00324 0.38660 0.00864 0.16148 0.37956
0.00116 0.00004 0.00005 0.14748 0.00012 0.72931 0.12183
0.00007 0.00002 0.04610 0.00096 0.00410 0.84633 0.10242
0.00168 0.00013 0.00505 0.00059 0.00636 0.42835 0.55784
0.00299 0.00583 0.00288 0.04907 0.02950 0.14837 0.76136
0.16073 0.00058 0.01070 0.00855 0.00626 0.04828 0.76491
0.00316 0.02370 0.09929 0.00391 0.00093 0.07069 0.79832
0.03799 0.23146 0.03634 0.00683 0.02322 0.08225 0.58192
0.00157 0.70290 0.00342 0.11361 0.00383 0.01221 0.16246
0.01936 0.00260 0.00003 0.03909 0.06561 0.21143 0.66188
0.37281 0.00179 0.00014 0.01170 0.01212 0.13712 0.46431
0.04241 0.00011 0.00012 0.00748 0.00642 0.07356 0.86991
0.22463 0.05810 0.00523 0.00050 0.00092 0.00692 0.70371
0.00017 0.00000 0.00002 0.00072 0.00119 0.00560 0.99231
0.02055 0.00130 0.00081 0.61835 0.00077 0.22083 0.13739
0.00041 0.00001 0.00028 0.00466 0.00091 0.93525 0.05847
0.02029 0.00572 0.00655 0.03272 0.00504 0.03613 0.89356
0.00573 0.00001 0.00007 0.00002 0.00214 0.00081 0.99123
0.07454 0.00321 0.00012 0.01552 0.00046 0.52619 0.37995
0.72705 0.00195 0.00316 0.06025 0.00189 0.03684 0.16887
0.00096 0.00537 0.00028 0.04557 0.77441 0.03947 0.13393
0.01922 0.00245 0.00060 0.03365 0.00370 0.04516 0.89521
0.00139 0.00223 0.66404 0.00368 0.00029 0.25731 0.07106
0.32696 0.00015 0.00010 0.01902 0.00038 0.04699 0.60639
0.00273 0.00042 0.00055 0.00202 0.00248 0.04204 0.94976
0.00028 0.00007 0.00015 0.00575 0.00024 0.99183 0.00168
0.61967 0.00009 0.00004 0.13333 0.00221 0.01611 0.22855
0.00010 0.00004 0.01522 0.00291 0.08950 0.79059 0.10165
0.01296 0.00060 0.00055 0.00743 0.00099 0.78634 0.19113
0.00036 0.00058 0.05433 0.00316 0.03838 0.43306 0.47012
0.02199 0.00005 0.00003 0.12265 0.00150 0.43264 0.42114
0.04998 0.00227 0.07251 0.13110 0.02803 0.08381 0.63230
0.04790 0.00596 0.01033 0.01976 0.00403 0.09822 0.81380
0.02891 0.00004 0.00011 0.01277 0.01016 0.03605 0.91195
0.09613 0.00009 0.00005 0.00455 0.00833 0.40311 0.48775
0.00513 0.00004 0.00018 0.00681 0.00005 0.03468 0.95313
0.00489 0.00007 0.00014 0.91599 0.00018 0.06021 0.01852
0.09950 0.00031 0.00005 0.80069 0.00017 0.06932 0.02995
0.00457 0.00000 0.00001 0.00142 0.00060 0.00070 0.99270
0.00008 0.00003 0.00002 0.00002 0.00000 0.00025 0.99960
0.48948 0.00156 0.00107 0.09750 0.00010 0.11821 0.29209
0.00599 0.00000 0.00000 0.00101 0.00001 0.98611 0.00688
0.00003 0.00000 0.00001 0.00016 0.00494 0.04712 0.94773
0.01916 0.00022 0.00028 0.02993 0.00539 0.26143 0.68359
0.00091 0.00007 0.00399 0.00015 0.27865 0.00228 0.71395
0.00027 0.00002 0.00001 0.00031 0.00381 0.02048 0.97510
0.03182 0.00112 0.00001 0.92645 0.00003 0.02489 0.01568
0.17577 0.09602 0.00493 0.02168 0.23493 0.00679 0.45987
0.00131 0.00555 0.02670 0.00216 0.23475 0.06718 0.66234
0.71113 0.00089 0.00001 0.00922 0.00025 0.09842 0.18008
0.22289 0.00011 0.00009 0.00821 0.00675 0.02552 0.73642
0.00074 0.00006 0.00096 0.00012 0.00066 0.00547 0.99200
0.02798 0.00039 0.00010 0.66337 0.00033 0.09437 0.21346
0.04320 0.00504 0.00577 0.16658 0.23874 0.04776 0.49291
0.00965 0.75701 0.08493 0.00371 0.00008 0.04108 0.10356
0.19050 0.00006 0.00010 0.00278 0.00039 0.48675 0.31941
0.98376 0.00332 0.00008 0.00065 0.00018 0.00031 0.01170
0.00000 0.00001 0.00003 0.00000 0.99547 0.00013 0.00436
0.00004 0.00000 0.00003 0.00037 0.09713 0.00185 0.90058
0.37914 0.00114 0.00475 0.11932 0.00014 0.41594 0.07956
0.57561 0.00170 0.00201 0.07939 0.03329 0.00703 0.30098
0.01300 0.00001 0.00002 0.73167 0.00048 0.07316 0.18167
0.03459 0.01002 0.00088 0.26030 0.00368 0.32041 0.37013
0.00268 0.00555 0.00025 0.00011 0.00010 0.00169 0.98962
0.14758 0.01553 0.00591 0.10485 0.02564 0.49952 0.20099
0.00156 0.00000 0.00000 0.00148 0.00025 0.52663 0.47008
0.05170 0.00003 0.00010 0.00028 0.00021 0.00326 0.94441
0.01380 0.00096 0.00131 0.04880 0.02356 0.16436 0.74720
0.00344 0.00053 0.00031 0.01343 0.00589 0.78951 0.18689
0.01190 0.00505 0.00413 0.00104 0.01204 0.12109 0.84476
0.07235 0.00010 0.00010 0.00380 0.00139 0.01495 0.90731
0.46362 0.00595 0.00429 0.18466 0.00741 0.29459 0.03948
0.00003 0.00004 0.00018 0.00001 0.87224 0.00003 0.12747
0.03265 0.00106 0.00514 0.02472 0.01991 0.19653 0.71998
0.09128 0.00685 0.00065 0.08198 0.02472 0.38257 0.41195
0.00076 0.00004 0.00097 0.01276 0.00030 0.93649 0.04868
0.82793 0.00007 0.00011 0.02378 0.00012 0.07952 0.06846
0.15676 0.00029 0.00104 0.01761 0.00926 0.02324 0.79180
0.92330 0.00000 0.00000 0.00083 0.00009 0.01140 0.06437
0.00553 0.01157 0.00104 0.00086 0.00003 0.45479 0.52619
0.00040 0.03491 0.04438 0.00529 0.01857 0.75415 0.14230
0.13483 0.00073 0.00001 0.00894 0.00418 0.01647 0.83483
0.29725 0.00007 0.00000 0.00563 0.00610 0.08096 0.60999
0.01262 0.00000 0.00000 0.00256 0.00104 0.02984 0.95394
0.00317 0.00934 0.00143 0.02526 0.02559 0.43969 0.49553
0.01833 0.00010 0.00003 0.75248 0.00016 0.02051 0.20840
0.35085 0.01317 0.00346 0.02076 0.00127 0.10168 0.50880
0.00014 0.00000 0.00070 0.00018 0.00041 0.00160 0.99698
0.00005 0.00000 0.00000 0.00280 0.00000 0.99659 0.00056
0.00034 0.00191 0.04491 0.01978 0.00742 0.15026 0.77536
0.98869 0.00014 0.00030 0.00065 0.00010 0.00016 0.00996
0.00460 0.00995 0.09750 0.00553 0.01215 0.36489 0.50538
0.77631 0.20201 0.00059 0.00807 0.00003 0.00941 0.00357
0.01178 0.00107 0.00006 0.49435 0.00040 0.13482 0.35752
0.11327 0.00053 0.00282 0.03479 0.01149 0.01934 0.81776
0.00064 0.00004 0.00031 0.00020 0.00742 0.04940 0.94199
0.00127 0.00002 0.00001 0.00063 0.63299 0.00358 0.36150
