# Country Folk Indie Jazz Metal Pop Rock
0.95690 0.00014 0.00164 0.00010 0.00000 0.00005 0.04117
0.00024 0.00030 0.00177 0.00055 0.00092 0.00074 0.99548
0.00373 0.00386 0.03415 0.00128 0.00048 0.02384 0.93266
0.00001 0.00001 0.00061 0.00054 0.00006 0.00078 0.99798
0.00001 0.00133 0.00274 0.00006 0.00053 0.00288 0.99246
0.00003 0.00023 0.01065 0.00059 0.00321 0.95475 0.03053
0.00166 0.00003 0.00313 0.00672 0.00008 0.98450 0.00389
0.00490 0.00126 0.90889 0.00069 0.00655 0.03346 0.04426
0.07351 0.00023 0.00344 0.02081 0.00030 0.81289 0.08881
0.00000 0.00000 0.99996 0.00000 0.00000 0.00002 0.00002
0.00095 0.01032 0.16384 0.00146 0.00501 0.01963 0.79881
0.99813 0.00000 0.00012 0.00141 0.00000 0.00008 0.00026
0.00083 0.00010 0.98139 0.00080 0.00003 0.01144 0.00540
0.00000 0.00001 0.00002 0.00001 0.00107 0.00001 0.99888
0.00073 0.00006 0.00299 0.00025 0.00003 0.00646 0.98948
0.00783 0.00003 0.00009 0.98588 0.00000 0.00274 0.00343
0.00028 0.00007 0.03284 0.00336 0.00447 0.05956 0.89943
0.96924 0.00002 0.00015 0.03002 0.00000 0.00003 0.00055
0.00193 0.00000 0.00000 0.99798 0.00000 0.00004 0.00004
0.00012 0.00013 0.99370 0.00000 0.00003 0.00360 0.00242
0.05028 0.35323 0.07527 0.10492 0.22137 0.06796 0.12696
0.00004 0.00001 0.98579 0.00000 0.00006 0.00152 0.01258
0.00001 0.00001 0.99871 0.00000 0.00000 0.00002 0.00125
0.00000 0.00010 0.00000 0.00000 0.99981 0.00000 0.00009
0.00000 0.00153 0.00008 0.00000 0.99838 0.00000 0.00001
0.14921 0.00021 0.03206 0.02187 0.00060 0.04268 0.75337
0.99969 0.00000 0.00008 0.00015 0.00000 0.00000 0.00009
0.00021 0.98050 0.00001 0.00058 0.01407 0.00462 0.00002
0.00000 0.00010 0.00025 0.00003 0.00005 0.99805 0.00151
0.00142 0.97424 0.00879 0.00393 0.00002 0.01013 0.00147
0.00001 0.00000 0.00085 0.00003 0.00002 0.99890 0.00019
0.97985 0.00002 0.00000 0.01960 0.00000 0.00002 0.00051
0.01553 0.00002 0.00010 0.00605 0.00001 0.00284 0.97546
0.03794 0.01360 0.02792 0.15032 0.00126 0.03572 0.73323
0.00006 0.00019 0.00007 0.00026 0.97649 0.00118 0.02174
0.99885 0.00000 0.00001 0.00112 0.00000 0.00000 0.00001
0.04199 0.00003 0.00017 0.95388 0.00000 0.00309 0.00084
0.98328 0.00078 0.00006 0.01546 0.00000 0.00014 0.00029
0.05028 0.35323 0.07527 0.10492 0.22137 0.06796 0.12696
0.00000 0.00000 0.00004 0.00000 0.00022 0.00000 0.99974
1.00000 0.00000 0.00000 0.00000 0.00000 0.00000 0.00000
0.00231 0.00150 0.01030 0.07317 0.00005 0.00753 0.90514
0.99968 0.00001 0.00000 0.00009 0.00000 0.00000 0.00023
0.99131 0.00026 0.00026 0.00078 0.00000 0.00382 0.00357
0.00001 0.00000 0.00000 0.99996 0.00000 0.00000 0.00003
0.00162 0.00202 0.04919 0.01162 0.00845 0.10610 0.82100
0.00465 0.00014 0.00001 0.99392 0.00000 0.00076 0.00051
0.00003 0.00008 0.99592 0.00000 0.00001 0.00138 0.00258
0.01970 0.00033 0.00098 0.92379 0.00007 0.01293 0.04220
0.86466 0.00008 0.00052 0.10752 0.00000 0.00054 0.02669
0.00042 0.01233 0.00465 0.00153 0.00016 0.97974 0.00117
0.00041 0.00105 0.01290 0.00103 0.00324 0.97834 0.00303
0.99137 0.00022 0.00584 0.00031 0.00000 0.00016 0.00210
0.00001 0.00000 0.00000 0.99994 0.00000 0.00002 0.00004
0.98721 0.00036 0.00063 0.00688 0.00000 0.00009 0.00484
0.99944 0.00000 0.00000 0.00053 0.00000 0.00000 0.00003
0.00014 0.99925 0.00000 0.00061 0.00000 0.00000 0.00000
0.99937 0.00003 0.00010 0.00003 0.00000 0.00002 0.00045
0.00000 0.81694 0.01566 0.00001 0.14978 0.01500 0.00262
0.00000 0.00000 0.00000 0.00000 1.00000 0.00000 0.00000
0.00263 0.00001 0.00000 0.99727 0.00000 0.00004 0.00005
0.00055 0.00191 0.00448 0.00145 0.00073 0.98769 0.00318
0.13721 0.00004 0.00003 0.86257 0.00000 0.00007 0.00009
0.00058 0.00023 0.01467 0.00037 0.00040 0.97102 0.01272
0.00078 0.00000 0.00062 0.99686 0.00002 0.00074 0.00098
0.06407 0.21681 0.06902 0.18791 0.10997 0.23465 0.11757
0.10888 0.00124 0.00210 0.87056 0.00008 0.00657 0.01057
0.14070 0.00047 0.00363 0.83260 0.00007 0.01288 0.00965
0.00026 0.99575 0.00013 0.00040 0.00111 0.00046 0.00189
0.08412 0.05418 0.15703 0.06502 0.09249 0.31672 0.23045
0.01216 0.00009 0.00235 0.00035 0.00006 0.01252 0.97248
0.00000 0.00001 0.00016 0.00008 0.00002 0.99973 0.00000
0.00010 0.94093 0.04621 0.00305 0.00109 0.00635 0.00227
0.98907 0.00008 0.00016 0.00463 0.00000 0.00081 0.00524
0.02021 0.00411 0.00621 0.00999 0.06011 0.00617 0.89320
0.00053 0.00902 0.03132 0.00757 0.82572 0.06652 0.05933
0.00001 0.00000 0.00000 0.99871 0.00000 0.00008 0.00119
0.05028 0.35323 0.07527 0.10492 0.22137 0.06796 0.12696
0.00561 0.96742 0.00022 0.01953 0.00001 0.00490 0.00231
0.05028 0.35323 0.07527 0.10492 0.22137 0.06796 0.12696
0.00246 0.00043 0.00206 0.00104 0.00009 0.00072 0.99319
0.00129 0.00000 0.00002 0.00228 0.00000 0.00206 0.99434
0.00000 0.00080 0.00077 0.00002 0.00194 0.99316 0.00331
0.00373 0.00011 0.99572 0.00000 0.00000 0.00009 0.00035
0.03432 0.00021 0.01195 0.92462 0.00009 0.01628 0.01253
0.00000 0.00000 0.00000 0.99999 0.00000 0.00000 0.00001
0.00051 0.00155 0.02170 0.00038 0.00005 0.11241 0.86339
0.00006 0.00008 0.00318 0.00004 0.01333 0.00806 0.97524
0.00122 0.00001 0.00014 0.99528 0.00000 0.00132 0.00203
0.00042 0.00001 0.99452 0.00001 0.00001 0.00144 0.00359
0.00000 0.00004 0.00069 0.00004 0.00001 0.99920 0.00002
0.00438 0.00004 0.00002 0.99517 0.00000 0.00036 0.00004
0.00000 0.00001 0.00000 0.00000 0.99998 0.00000 0.00001
0.00345 0.00000 0.00000 0.99580 0.00000 0.00064 0.00011
0.00360 0.00000 0.00000 0.99637 0.00000 0.00002 0.00000
0.02605 0.17103 0.31001 0.18347 0.00746 0.20967 0.09231
0.00016 0.00023 0.01325 0.00009 0.95375 0.01065 0.02187
0.19723 0.39020 0.01826 0.37973 0.00001 0.00141 0.01317
0.00013 0.00021 0.99026 0.00000 0.00007 0.00146 0.00787
0.21353 0.03865 0.46621 0.11724 0.00854 0.06105 0.09477
0.00001 0.00055 0.99756 0.00000 0.00006 0.00033 0.00150
0.00026 0.00003 0.98817 0.00046 0.00003 0.00293 0.00811
0.00000 0.99997 0.00000 0.00000 0.00000 0.00000 0.00002
0.00652 0.00457 0.05120 0.00600 0.00066 0.01912 0.91193
0.00000 0.00000 0.00000 0.00000 1.00000 0.00000 0.00000
0.00000 0.00998 0.00023 0.00033 0.00013 0.00016 0.98917
0.00990 0.00667 0.81699 0.00017 0.00004 0.00183 0.16440
0.00000 0.00000 0.00000 0.00000 0.99999 0.00000 0.00001
0.99934 0.00001 0.00002 0.00023 0.00000 0.00006 0.00035
0.00000 0.00000 0.00001 0.00002 0.00002 0.99995 0.00000
0.89201 0.00093 0.00396 0.08346 0.00001 0.01591 0.00372
0.00005 0.00166 0.01983 0.00006 0.00537 0.96864 0.00438
0.00023 0.00003 0.00305 0.00005 0.00071 0.00360 0.99233
0.00002 0.00000 0.99914 0.00000 0.00000 0.00053 0.00030
0.01131 0.05392 0.27000 0.04908 0.15584 0.22195 0.23791
0.01550 0.00000 0.00054 0.00031 0.00001 0.00001 0.98362
0.00133 0.00026 0.99698 0.00000 0.00000 0.00030 0.00114
0.00000 0.00005 0.00001 0.00000 0.99862 0.00001 0.00131
0.00053 0.00139 0.98626 0.00016 0.00064 0.00386 0.00717
0.99798 0.00002 0.00006 0.00124 0.00000 0.00008 0.00061
0.00000 0.00008 0.00082 0.00000 0.99546 0.00080 0.00284
0.00000 0.00000 0.00000 0.00000 0.99998 0.00000 0.00002
0.00000 0.00000 0.00000 0.00000 0.99995 0.00000 0.00005
0.01833 0.00056 0.00393 0.05847 0.00056 0.00409 0.91407
0.00004 0.00008 0.48536 0.00034 0.00252 0.51162 0.00004
0.00963 0.00153 0.94263 0.00086 0.00003 0.00409 0.04123
0.00300 0.00024 0.00168 0.00094 0.00005 0.00838 0.98571
0.00000 0.00000 0.00000 0.00000 1.00000 0.00000 0.00000
0.00000 0.00001 0.00011 0.00001 0.99775 0.00003 0.00209
0.00005 0.00526 0.09286 0.00038 0.51926 0.36378 0.01841
0.00000 0.96866 0.00281 0.00000 0.01798 0.00045 0.01010
0.00004 0.00006 0.99776 0.00000 0.00000 0.00011 0.00202
0.00471 0.00045 0.00012 0.96789 0.00000 0.02467 0.00216
0.98574 0.00048 0.00513 0.00178 0.00000 0.00154 0.00533
0.00000 0.00284 0.00019 0.00000 0.98416 0.00024 0.01256
0.00000 0.00000 0.00000 0.00000 1.00000 0.00000 0.00000
0.03665 0.93375 0.00665 0.01171 0.00357 0.00403 0.00364
0.00000 1.00000 0.00000 0.00000 0.00000 0.00000 0.00000
0.99211 0.00014 0.00135 0.00236 0.00000 0.00054 0.00350
0.00001 0.00005 0.90504 0.00001 0.00069 0.04554 0.04867
0.00024 0.99766 0.00022 0.00074 0.00001 0.00053 0.00060
0.00229 0.00000 0.00000 0.99769 0.00000 0.00000 0.00002
0.00000 0.00009 0.04009 0.00001 0.92642 0.00969 0.02371
0.99824 0.00003 0.00121 0.00017 0.00000 0.00001 0.00034
0.00014 0.00002 0.99894 0.00000 0.00000 0.00018 0.00071
0.99626 0.00006 0.00041 0.00165 0.00000 0.00033 0.00128
0.00185 0.00033 0.12886 0.00144 0.00404 0.85834 0.00513
0.99968 0.00000 0.00000 0.00026 0.00000 0.00000 0.00006
0.00000 0.00011 0.03776 0.00012 0.01280 0.02414 0.92506
0.00093 0.00001 0.00234 0.00007 0.00058 0.00033 0.99574
0.00000 0.00001 0.00039 0.00000 0.99764 0.00146 0.00049
0.99988 0.00000 0.00000 0.00011 0.00000 0.00000 0.00000
0.00805 0.00034 0.92896 0.00063 0.00017 0.05635 0.00551
0.88709 0.00157 0.06889 0.02447 0.00013 0.00253 0.01532
0.00252 0.00020 0.00000 0.99704 0.00000 0.00006 0.00019
0.00000 0.00004 0.00036 0.00002 0.00005 0.99948 0.00005
0.05028 0.35323 0.07527 0.10492 0.22137 0.06796 0.12696
0.99068 0.00082 0.00021 0.00791 0.00000 0.00009 0.00029
0.00077 0.00000 0.00000 0.99923 0.00000 0.00000 0.00000
0.00013 0.00084 0.91891 0.00025 0.00842 0.05209 0.01935
0.00089 0.00054 0.78918 0.00223 0.00189 0.18621 0.01906
0.08170 0.00002 0.00007 0.90729 0.00000 0.00274 0.00818
0.02250 0.00005 0.00015 0.96374 0.00001 0.01046 0.00310
0.99992 0.00003 0.00000 0.00005 0.00000 0.00000 0.00000
0.00349 0.88008 0.00756 0.01324 0.00481 0.07845 0.01238
0.00815 0.00205 0.24532 0.00459 0.00287 0.13326 0.60377
0.00004 0.00013 0.96686 0.00003 0.00038 0.00542 0.02714
0.00209 0.00033 0.89002 0.00021 0.00011 0.10407 0.00315
0.00184 0.00000 0.00000 0.99806 0.00000 0.00000 0.00009
0.00000 0.00003 0.00010 0.00002 0.00004 0.99976 0.00004
0.00000 0.86744 0.00110 0.00320 0.00187 0.11943 0.00696
0.00002 0.00003 0.99977 0.00000 0.00000 0.00005 0.00014
0.00000 1.00000 0.00000 0.00000 0.00000 0.00000 0.00000
0.11525 0.00042 0.01499 0.84124 0.00001 0.00056 0.02753
0.00057 0.00020 0.06515 0.00005 0.00019 0.00781 0.92603
0.07951 0.03405 0.12196 0.01827 0.01983 0.36990 0.35647
0.12382 0.00506 0.07484 0.08877 0.00142 0.65730 0.04880
0.03041 0.00001 0.00030 0.96072 0.00000 0.00748 0.00107
0.00018 0.00011 0.98099 0.00019 0.00001 0.00851 0.01001
0.02032 0.00008 0.00023 0.00216 0.00021 0.01646 0.96053
0.99333 0.00000 0.00001 0.00662 0.00000 0.00000 0.00004
0.99678 0.00041 0.00140 0.00051 0.00000 0.00029 0.00061
0.00000 0.99889 0.00006 0.00001 0.00000 0.00011 0.00094
0.00065 0.00000 0.00000 0.99930 0.00000 0.00000 0.00004
0.00399 0.00001 0.00003 0.99330 0.00000 0.00028 0.00238
0.05750 0.00000 0.00001 0.93955 0.00000 0.00011 0.00284
0.00000 0.00003 0.00000 0.00000 0.99928 0.00000 0.00069
0.05028 0.35323 0.07527 0.10492 0.22137 0.06796 0.12696
0.00000 0.01183 0.00394 0.00027 0.93547 0.02526 0.02323
0.82253 0.00028 0.00168 0.15318 0.00003 0.00903 0.01325
0.00507 0.00001 0.00000 0.99335 0.00000 0.00004 0.00152
0.00784 0.00007 0.00001 0.99171 0.00000 0.00015 0.00021
0.00000 0.99859 0.00026 0.00000 0.00001 0.00004 0.00111
0.00104 0.00001 0.00004 0.99855 0.00000 0.00031 0.00006
0.00001 0.00010 0.99665 0.00004 0.00024 0.00223 0.00072
0.00000 0.00001 0.00027 0.00000 0.00016 0.99953 0.00004
0.00065 0.00002 0.00011 0.00018 0.00001 0.99799 0.00104
0.00560 0.10354 0.05001 0.00654 0.05778 0.00636 0.77016
0.00000 0.99977 0.00000 0.00000 0.00000 0.00000 0.00022
0.00064 0.00013 0.00437 0.00011 0.00212 0.00018 0.99244
0.00000 0.00000 0.00000 0.00000 0.99984 0.00000 0.00016
0.98717 0.00009 0.00123 0.01040 0.00000 0.00018 0.00093
0.00002 0.01203 0.01319 0.00001 0.94918 0.00935 0.01622
0.00010 0.00001 0.99917 0.00003 0.00000 0.00041 0.00028
0.00257 0.00772 0.06988 0.00381 0.00863 0.05630 0.85109
0.00004 0.00001 0.00075 0.00053 0.00000 0.00005 0.99863
0.01132 0.98549 0.00057 0.00242 0.00000 0.00000 0.00020
0.00000 0.00002 0.00001 0.00000 0.98614 0.00001 0.01383
0.00000 0.00402 0.00000 0.00001 0.99284 0.00000 0.00313
0.00036 0.00284 0.00020 0.99282 0.00000 0.00337 0.00041
0.00095 0.00005 0.99345 0.00009 0.00001 0.00511 0.00035
0.00000 0.00000 0.00001 0.00000 0.99986 0.00000 0.00012
0.00003 0.00001 0.01117 0.00002 0.00034 0.00115 0.98728
0.08475 0.00056 0.00065 0.91050 0.00000 0.00117 0.00236
0.00057 0.00007 0.98931 0.00007 0.00002 0.00621 0.00374
0.00153 0.68075 0.03749 0.00728 0.12764 0.04729 0.09802
0.00000 0.00001 0.00007 0.00148 0.00001 0.99787 0.00057
0.00003 0.88392 0.03587 0.00074 0.00135 0.04740 0.03068
0.00008 0.00005 0.00055 0.00317 0.00011 0.00203 0.99400
0.00000 0.00000 0.00000 0.00000 0.99988 0.00000 0.00011
0.00318 0.00001 0.00002 0.99628 0.00000 0.00005 0.00045
0.00000 1.00000 0.00000 0.00000 0.00000 0.00000 0.00000
0.94873 0.00011 0.00160 0.03872 0.00004 0.00450 0.00630
0.00007 0.00002 0.99590 0.00001 0.00006 0.00097 0.00297
0.02106 0.63813 0.02923 0.07315 0.11613 0.03755 0.08475
0.00007 0.00045 0.00490 0.00046 0.00183 0.98469 0.00759
0.00000 0.00000 0.00000 0.00000 0.99975 0.00000 0.00025
0.00000 0.00008 0.00152 0.00003 0.00005 0.99820 0.00011
0.00013 0.00000 0.00000 0.99986 0.00000 0.00000 0.00001
0.00000 0.00002 0.00305 0.00005 0.00019 0.99607 0.00061
0.00004 0.00102 0.00004 0.99542 0.00000 0.00043 0.00304
0.00060 0.00014 0.95613 0.00040 0.00126 0.02469 0.01677
0.00297 0.58307 0.03309 0.01256 0.11537 0.16332 0.08963
0.00016 0.00124 0.98565 0.00002 0.00264 0.00310 0.00718
0.46065 0.00020 0.00006 0.53745 0.00000 0.00037 0.00127
0.96763 0.00012 0.00098 0.00493 0.00001 0.00047 0.02586
0.00004 0.00017 0.98818 0.00007 0.00027 0.00935 0.00192
0.99671 0.00015 0.00012 0.00239 0.00000 0.00004 0.00060
0.61338 0.00041 0.02194 0.25349 0.00002 0.01770 0.09306
0.00256 0.00000 0.00004 0.99705 0.00000 0.00006 0.00030
0.00987 0.00007 0.98804 0.00001 0.00000 0.00085 0.00115
0.82013 0.00005 0.00000 0.17824 0.00000 0.00003 0.00154
0.00013 0.99957 0.00007 0.00008 0.00001 0.00001 0.00013
0.00001 0.00072 0.01724 0.00011 0.96363 0.00271 0.01557
0.00000 0.00002 0.00001 0.00004 0.00017 0.99975 0.00001
0.00397 0.00002 0.00023 0.00287 0.00115 0.97036 0.02139
0.02235 0.17257 0.03283 0.05293 0.54889 0.02900 0.14142
0.05028 0.35323 0.07527 0.10492 0.22137 0.06796 0.12696
0.00332 0.00511 0.01179 0.00030 0.00033 0.06940 0.90975
0.00006 0.00000 0.99988 0.00000 0.00000 0.00000 0.00006
0.00006 0.99924 0.00028 0.00000 0.00000 0.00000 0.00042
0.00010 0.00000 0.00003 0.99926 0.00000 0.00003 0.00058
0.00000 0.00253 0.00001 0.00007 0.07221 0.00033 0.92486
0.32357 0.00140 0.00814 0.65141 0.00018 0.00333 0.01197
0.00000 0.00000 0.00000 0.00000 1.00000 0.00000 0.00000
0.99965 0.00000 0.00000 0.00034 0.00000 0.00000 0.00001
0.00000 0.00219 0.00007 0.00001 0.99667 0.00014 0.00092
0.99404 0.00012 0.00000 0.00583 0.00000 0.00000 0.00000
0.01392 0.00040 0.02825 0.00126 0.00764 0.04191 0.90662
0.00000 0.00000 0.00013 0.00001 0.00219 0.99759 0.00008
0.00000 0.00001 0.00001 0.00000 0.00000 0.99998 0.00000
0.00526 0.00018 0.00394 0.00912 0.00031 0.00285 0.97834
0.00001 0.00027 0.99899 0.00000 0.00000 0.00000 0.00073
0.00000 0.00123 0.00063 0.00014 0.01048 0.00071 0.98680
0.00001 0.00001 0.00000 0.99996 0.00000 0.00000 0.00002
0.09527 0.00182 0.00405 0.86975 0.00009 0.02039 0.00862
0.00000 0.00001 0.00000 0.00001 0.00051 0.00000 0.99947
0.00000 1.00000 0.00000 0.00000 0.00000 0.00000 0.00000
0.00000 0.00004 0.69057 0.00058 0.00102 0.30777 0.00003
0.98932 0.00090 0.00186 0.00079 0.00000 0.00178 0.00536
0.00001 0.00033 0.00088 0.00011 0.00027 0.99625 0.00214
0.30870 0.00907 0.06451 0.20742 0.00546 0.01657 0.38826
0.00001 0.95410 0.01640 0.00001 0.01227 0.01385 0.00337
0.00000 0.00000 0.00000 0.00000 0.99999 0.00000 0.00001
0.98705 0.00002 0.00128 0.00338 0.00000 0.00464 0.00363
0.00000 1.00000 0.00000 0.00000 0.00000 0.00000 0.00000
0.02044 0.00005 0.00007 0.97837 0.00000 0.00052 0.00055
0.00000 1.00000 0.00000 0.00000 0.00000 0.00000 0.00000
0.00000 1.00000 0.00000 0.00000 0.00000 0.00000 0.00000
0.01361 0.00008 0.00002 0.98384 0.00000 0.00020 0.00225
0.99767 0.00000 0.00116 0.00006 0.00000 0.00001 0.00109
0.98443 0.00032 0.00052 0.00782 0.00000 0.00210 0.00480
0.04806 0.01288 0.01493 0.08563 0.00067 0.83177 0.00606
0.00000 0.00000 0.00000 0.00000 0.00001 0.99996 0.00003
0.10041 0.00523 0.02081 0.11842 0.00821 0.02228 0.72464
0.04626 0.00033 0.01435 0.00064 0.00009 0.00263 0.93571
0.00000 0.00000 0.00152 0.00001 0.00039 0.00008 0.99800
0.00006 0.00001 0.02963 0.00005 0.02911 0.00234 0.93879
0.00000 0.00001 0.00000 0.00000 0.00543 0.00008 0.99447
0.00000 0.00000 0.00000 0.00000 1.00000 0.00000 0.00000
0.00008 0.00000 0.00094 0.00005 0.00116 0.00032 0.99746
0.03244 0.00010 0.00004 0.96555 0.00000 0.00028 0.00159
0.00006 0.00002 0.98595 0.00000 0.00002 0.00035 0.01360
0.22074 0.03603 0.49330 0.07011 0.00593 0.04175 0.13213
0.00901 0.00052 0.00386 0.91930 0.00006 0.03491 0.03235
0.00000 0.99798 0.00001 0.00001 0.00001 0.00005 0.00194
0.00001 0.00062 0.00124 0.00004 0.93870 0.02624 0.03316
0.00115 0.00006 0.00007 0.99773 0.00000 0.00036 0.00062
0.04762 0.00359 0.14920 0.06409 0.00225 0.70393 0.02932
0.00000 0.00000 0.00000 0.00000 0.99998 0.00000 0.00002
0.05028 0.35323 0.07527 0.10492 0.22137 0.06796 0.12696
0.00000 0.00000 0.00000 0.00000 1.00000 0.00000 0.00000
0.12244 0.00123 0.00089 0.87203 0.00001 0.00088 0.00252
0.00000 0.00000 0.00026 0.00000 0.00237 0.00010 0.99726
0.00000 0.99198 0.00206 0.00019 0.00042 0.00014 0.00521
0.00046 0.00119 0.04941 0.00009 0.00004 0.94674 0.00208
0.07643 0.00086 0.00018 0.02012 0.00114 0.07753 0.82374
0.04833 0.35044 0.07381 0.10319 0.23191 0.06399 0.12833
0.00488 0.00273 0.01859 0.00377 0.00043 0.00263 0.96697
0.00000 0.00000 0.00000 0.00000 0.99926 0.00000 0.00074
0.01630 0.00061 0.00042 0.97845 0.00000 0.00041 0.00380
0.99903 0.00022 0.00000 0.00075 0.00000 0.00000 0.00000
0.00000 0.00002 0.00000 0.00000 0.99997 0.00000 0.00001
0.00001 0.00056 0.00079 0.00006 0.97354 0.00745 0.01759
0.00347 0.00006 0.00000 0.99482 0.00000 0.00122 0.00043
0.00015 0.00009 0.97501 0.00005 0.00002 0.00161 0.02308
0.00058 0.00134 0.24356 0.00027 0.00093 0.01174 0.74157
0.02204 0.94789 0.01543 0.00034 0.01349 0.00046 0.00035
0.00009 0.00003 0.99423 0.00000 0.00000 0.00185 0.00380
0.00000 0.00001 0.00001 0.00000 0.99918 0.00000 0.00080
0.00002 0.40024 0.55123 0.00017 0.01432 0.00911 0.02490
0.00000 0.00000 0.00000 0.00000 0.99901 0.00000 0.00098
0.00000 0.00000 0.00002 0.00000 0.99984 0.00000 0.00014
0.00002 0.00002 0.00008 0.00002 0.99662 0.00001 0.00323
0.00601 0.00355 0.02383 0.02955 0.00338 0.24078 0.69290
0.00059 0.00012 0.99558 0.00003 0.00001 0.00086 0.00281
0.11042 0.00998 0.01631 0.71775 0.00727 0.05075 0.08752
0.98387 0.00001 0.00006 0.01482 0.00000 0.00030 0.00093
0.94216 0.00056 0.00258 0.04749 0.00001 0.00142 0.00578
0.00003 0.00016 0.99576 0.00000 0.00001 0.00007 0.00397
0.00000 0.00000 0.00004 0.00001 0.00072 0.00024 0.99899
0.00004 0.99619 0.00281 0.00027 0.00000 0.00026 0.00043
0.00000 0.00088 0.00056 0.00001 0.02312 0.00040 0.97504
0.01293 0.00007 0.00086 0.98339 0.00001 0.00210 0.00065
0.00075 0.00043 0.00134 0.00045 0.90312 0.00304 0.09086
0.00001 0.00000 0.00019 0.00002 0.00007 0.99971 0.00001
0.98114 0.00008 0.00031 0.00889 0.00000 0.00175 0.00783
0.00001 0.00000 0.00004 0.99975 0.00000 0.00020 0.00000
0.00000 0.00001 0.00033 0.00000 0.99757 0.00053 0.00157
0.90316 0.00153 0.01605 0.01605 0.00082 0.03965 0.02275
0.00023 0.00024 0.99435 0.00002 0.00003 0.00077 0.00436
0.00512 0.00001 0.00243 0.00030 0.00001 0.00052 0.99161
0.00000 0.99831 0.00000 0.00000 0.00009 0.00151 0.00009
0.00180 0.99753 0.00001 0.00039 0.00000 0.00001 0.00025
0.97451 0.00004 0.00091 0.00797 0.00000 0.00053 0.01603
0.00008 0.00089 0.98321 0.00001 0.00059 0.01144 0.00378
0.00518 0.00240 0.03483 0.00179 0.00164 0.04095 0.91322
0.99929 0.00000 0.00000 0.00071 0.00000 0.00000 0.00000
0.00000 0.00000 0.00000 0.00000 1.00000 0.00000 0.00000
0.00030 0.00040 0.99213 0.00012 0.00005 0.00407 0.00293
0.00144 0.00020 0.05625 0.00064 0.00817 0.00531 0.92799
0.92193 0.00006 0.01179 0.03445 0.00002 0.00745 0.02430
0.00000 0.00002 0.99725 0.00024 0.00001 0.00236 0.00012
0.00025 0.00018 0.98932 0.00001 0.00001 0.00045 0.00980
0.99863 0.00000 0.00016 0.00005 0.00000 0.00003 0.00112
0.00043 0.00000 0.00000 0.99867 0.00000 0.00068 0.00022
0.00000 0.00000 0.00014 0.00000 0.00000 0.99985 0.00001
0.00002 0.99893 0.00003 0.00002 0.00000 0.00000 0.00099
0.00020 0.00015 0.00005 0.00005 0.00000 0.00025 0.99930
0.00000 0.00015 0.00057 0.00000 0.00014 0.99906 0.00009
0.00000 0.00003 0.00000 0.00001 0.99151 0.00000 0.00845
0.00558 0.01283 0.04498 0.00327 0.00009 0.01842 0.91483
0.00453 0.81297 0.01579 0.00601 0.00215 0.14312 0.01544
0.00000 0.00001 0.98466 0.00000 0.00015 0.01260 0.00258
0.00009 0.98200 0.00341 0.00241 0.00352 0.00328 0.00528
0.00073 0.00000 0.00000 0.99893 0.00000 0.00031 0.00003
0.00000 0.00026 0.00001 0.00000 0.98055 0.00017 0.01901
0.00017 0.00033 0.99046 0.00002 0.00005 0.00117 0.00781
0.00003 0.00053 0.96828 0.00009 0.00105 0.01884 0.01118
0.00011 0.00002 0.00000 0.99970 0.00000 0.00011 0.00006
0.00000 0.00002 0.00000 0.00000 0.99938 0.00000 0.00060
0.02633 0.85468 0.08862 0.00457 0.00137 0.01275 0.01169
0.00072 0.00006 0.00069 0.98826 0.00004 0.00064 0.00959
0.00000 0.00002 0.00138 0.00001 0.00070 0.99784 0.00006
0.00635 0.98770 0.00145 0.00097 0.00001 0.00086 0.00266
0.14885 0.65363 0.15487 0.00019 0.00082 0.00249 0.03916
0.00230 0.00002 0.96395 0.00005 0.00000 0.00002 0.03367
0.00000 0.99463 0.00035 0.00008 0.00450 0.00027 0.00017
0.00000 0.00013 0.00007 0.00004 0.00132 0.99830 0.00012
0.00166 0.00493 0.03029 0.02103 0.02175 0.03866 0.88169
0.00001 0.00000 0.00000 0.00097 0.00002 0.00002 0.99898
0.00006 0.00009 0.99507 0.00001 0.00010 0.00135 0.00333
0.00001 0.00010 0.99891 0.00000 0.00001 0.00070 0.00026
0.99423 0.00006 0.00036 0.00202 0.00000 0.00154 0.00177
0.99991 0.00000 0.00004 0.00000 0.00000 0.00000 0.00005
0.00002 0.99940 0.00007 0.00005 0.00012 0.00001 0.00032
0.00003 0.00002 0.01100 0.00012 0.00078 0.00283 0.98523
0.00000 0.98155 0.00000 0.00000 0.01815 0.00002 0.00028
0.01614 0.00576 0.11070 0.00275 0.02015 0.03239 0.81212
0.00012 0.00004 0.00414 0.00049 0.00006 0.99440 0.00075
0.01108 0.01209 0.02411 0.01483 0.03080 0.79000 0.11710
0.00000 0.00000 0.00000 0.00000 0.00000 1.00000 0.00000
0.00006 0.00000 0.99969 0.00000 0.00000 0.00006 0.00019
0.03231 0.00007 0.00478 0.00993 0.00253 0.01061 0.93977
0.00022 0.00000 0.00003 0.00011 0.00007 0.00022 0.99935
0.05028 0.35323 0.07527 0.10492 0.22137 0.06796 0.12696
0.00001 0.00000 0.99958 0.00001 0.00001 0.00010 0.00029
0.00003 0.75833 0.16568 0.00011 0.01277 0.06047 0.00260
0.00001 0.00003 0.00017 0.00000 0.99943 0.00023 0.00012
0.00016 0.99657 0.00012 0.00265 0.00001 0.00039 0.00011
0.07225 0.00034 0.00088 0.90648 0.00003 0.01387 0.00615
0.99794 0.00015 0.00009 0.00110 0.00000 0.00005 0.00067
0.98751 0.00001 0.00332 0.00355 0.00000 0.00448 0.00112
0.00663 0.01736 0.03160 0.01286 0.03289 0.09763 0.80104
0.00002 0.00024 0.00019 0.00006 0.00054 0.99883 0.00011
0.00729 0.90889 0.06053 0.00267 0.00154 0.00774 0.01133
0.05773 0.00068 0.04115 0.33675 0.00611 0.48369 0.07388
0.00000 0.00000 0.00035 0.00001 0.00041 0.99923 0.00000
0.00003 0.81001 0.18771 0.00001 0.00023 0.00025 0.00177
0.00185 0.97577 0.01059 0.00090 0.00124 0.00722 0.00242
0.04972 0.35619 0.07439 0.10423 0.22204 0.06728 0.12615
0.00000 0.00001 0.00036 0.00003 0.00003 0.99946 0.00011
0.00000 0.00006 0.99651 0.00000 0.00001 0.00286 0.00055
0.00000 0.00004 0.00000 0.00000 0.99844 0.00000 0.00152
0.00197 0.00003 0.00506 0.00031 0.00016 0.00439 0.98809
0.00021 0.88127 0.07712 0.00010 0.00108 0.00775 0.03248
0.00013 0.00069 0.93141 0.00007 0.00085 0.05513 0.01173
0.00009 0.00017 0.99052 0.00005 0.00007 0.00804 0.00107
0.00083 0.00132 0.08928 0.00011 0.00298 0.00307 0.90242
0.00076 0.00011 0.00014 0.99841 0.00000 0.00047 0.00010
0.00000 0.00050 0.00223 0.00003 0.99463 0.00143 0.00118
0.00005 0.00011 0.99537 0.00000 0.00000 0.00004 0.00443
0.00012 0.00005 0.99392 0.00000 0.00001 0.00091 0.00499
0.00857 0.93025 0.05389 0.00031 0.00000 0.00141 0.00557
0.99956 0.00000 0.00002 0.00020 0.00000 0.00008 0.00014
0.00007 0.99087 0.00003 0.00112 0.00000 0.00783 0.00007
0.99996 0.00000 0.00000 0.00003 0.00000 0.00000 0.00001
0.00234 0.97743 0.01702 0.00048 0.00030 0.00163 0.00080
0.01506 0.00005 0.00271 0.96371 0.00000 0.00096 0.01751
0.00000 0.00000 0.00000 0.00000 0.99850 0.00000 0.00149
0.99279 0.00080 0.00131 0.00151 0.00000 0.00019 0.00340
0.00000 0.00000 0.00000 0.00012 0.00013 0.00001 0.99973
0.05777 0.00050 0.00046 0.93622 0.00001 0.00077 0.00426
0.99894 0.00000 0.00001 0.00044 0.00000 0.00000 0.00061
0.00208 0.00028 0.00145 0.00226 0.00305 0.00098 0.98989
0.00609 0.00027 0.00064 0.98891 0.00000 0.00249 0.00160
0.00004 0.00000 0.00002 0.00065 0.00001 0.99919 0.00010
0.00009 0.00023 0.00045 0.00002 0.82622 0.00263 0.17037
0.00000 0.00000 0.00001 0.00001 0.00001 0.99996 0.00001
0.00000 0.97513 0.00328 0.00007 0.00176 0.01958 0.00018
0.00001 0.98151 0.00330 0.00036 0.00132 0.00826 0.00523
0.99746 0.00000 0.00000 0.00248 0.00000 0.00000 0.00005
0.99711 0.00009 0.00006 0.00069 0.00000 0.00018 0.00188
0.00000 0.00000 0.00000 0.00000 0.99998 0.00000 0.00002
0.00002 0.00001 0.00056 0.00018 0.00021 0.99854 0.00047
0.00000 0.00008 0.00399 0.00000 0.98876 0.00612 0.00105
0.00004 0.00689 0.02209 0.00025 0.69526 0.01969 0.25577
0.03362 0.89854 0.04517 0.00438 0.00000 0.00116 0.01712
0.02458 0.00114 0.00691 0.01893 0.00035 0.00327 0.94482
0.93856 0.00003 0.00023 0.05761 0.00000 0.00137 0.00221
0.00017 0.00020 0.02240 0.00061 0.01092 0.02867 0.93703
0.00000 0.00000 0.99993 0.00000 0.00000 0.00004 0.00002
0.00000 0.00002 0.00005 0.00008 0.00007 0.99973 0.00004
0.01444 0.38088 0.03182 0.02297 0.00373 0.43678 0.10938
0.00000 0.00002 0.00000 0.00000 0.99996 0.00001 0.00001
0.00689 0.98174 0.00255 0.00095 0.00009 0.00038 0.00739
0.00061 0.00001 0.00015 0.99906 0.00002 0.00005 0.00009
0.14450 0.00122 0.00845 0.83006 0.00005 0.00139 0.01431
0.00000 0.00000 0.00000 0.00000 1.00000 0.00000 0.00000
0.00087 0.00009 0.99082 0.00051 0.00006 0.00471 0.00294
0.00000 0.00406 0.04087 0.00022 0.77494 0.16704 0.01287
0.00158 0.00109 0.02735 0.00380 0.00052 0.96131 0.00435
0.01028 0.98388 0.00006 0.00434 0.00001 0.00014 0.00129
0.05028 0.35323 0.07527 0.10492 0.22137 0.06796 0.12696
0.99962 0.00000 0.00000 0.00037 0.00000 0.00000 0.00000
0.91532 0.00104 0.00307 0.06665 0.00002 0.00885 0.00505
0.00000 0.00000 0.00000 0.00001 0.99107 0.00001 0.00890
0.03085 0.00006 0.00156 0.02061 0.00022 0.80074 0.14597
0.00029 0.47972 0.42811 0.00007 0.02668 0.05084 0.01429
0.00569 0.00215 0.00725 0.00011 0.00001 0.01102 0.97378
0.00000 0.00013 0.00180 0.00013 0.00029 0.99762 0.00003
0.00000 0.00000 0.00000 0.00000 0.99713 0.00285 0.00001
0.00774 0.43163 0.02436 0.00361 0.01044 0.23990 0.28233
0.00000 0.00001 0.00190 0.00001 0.00345 0.00010 0.99454
0.00034 0.00052 0.01881 0.00011 0.00014 0.96942 0.01066
0.00624 0.00022 0.00183 0.00126 0.00002 0.00022 0.99022
0.98692 0.00000 0.00001 0.01271 0.00000 0.00003 0.00033
0.99971 0.00000 0.00000 0.00006 0.00000 0.00000 0.00022
0.00784 0.00271 0.00116 0.97612 0.00015 0.00398 0.00804
0.00005 0.00022 0.00195 0.00003 0.00003 0.99759 0.00012
0.00000 0.00000 0.00001 0.00000 0.00030 0.00001 0.99969
0.00003 0.99540 0.00013 0.00007 0.00181 0.00025 0.00230
0.00767 0.00114 0.00003 0.98301 0.00002 0.00721 0.00091
0.05028 0.35323 0.07527 0.10492 0.22137 0.06796 0.12696
0.00733 0.00002 0.00000 0.99235 0.00000 0.00011 0.00019
0.00000 0.00000 0.00006 0.00028 0.99865 0.00064 0.00037
0.03104 0.00006 0.00205 0.00203 0.00000 0.02774 0.93707
0.00769 0.00088 0.95636 0.00431 0.00179 0.00930 0.01967
0.00001 0.97554 0.00550 0.00008 0.00273 0.01232 0.00383
0.00003 0.00272 0.00014 0.00016 0.97590 0.00018 0.02088
0.97132 0.00006 0.00009 0.02685 0.00000 0.00117 0.00052
0.00006 0.00060 0.12206 0.00010 0.01681 0.00139 0.85898
0.99189 0.00014 0.00007 0.00728 0.00000 0.00011 0.00051
0.00088 0.92693 0.00018 0.01407 0.00001 0.05145 0.00649
0.00140 0.00248 0.96104 0.00011 0.00001 0.00085 0.03411
0.00002 0.00009 0.00009 0.00051 0.00534 0.00421 0.98975
0.04579 0.00001 0.89455 0.00354 0.00000 0.00182 0.05428
0.00003 0.00007 0.86057 0.00003 0.00011 0.13284 0.00635
0.95242 0.00028 0.01420 0.02089 0.00001 0.00114 0.01105
0.00001 0.00085 0.00176 0.00222 0.00092 0.95968 0.03455
0.00003 0.00000 0.00000 0.99995 0.00000 0.00001 0.00001
0.00000 0.00000 0.00000 0.00000 1.00000 0.00000 0.00000
0.00050 0.00035 0.99527 0.00006 0.00001 0.00018 0.00363
0.99952 0.00001 0.00021 0.00000 0.00000 0.00000 0.00025
0.00071 0.00000 0.02350 0.00010 0.00001 0.00207 0.97361
0.00060 0.00000 0.00000 0.99938 0.00000 0.00001 0.00001
0.05028 0.35323 0.07527 0.10492 0.22137 0.06796 0.12696
0.00280 0.00470 0.08787 0.00385 0.13685 0.05233 0.71159
0.00036 0.00020 0.00037 0.97443 0.00002 0.00060 0.02401
0.00221 0.00022 0.98842 0.00006 0.00004 0.00375 0.00531
0.00000 0.00000 0.00000 0.00000 0.99919 0.00000 0.00081
0.00000 0.00000 0.00000 0.00000 0.00033 0.00001 0.99965
0.00212 0.00006 0.00001 0.99759 0.00000 0.00007 0.00015
0.00000 0.00000 0.00000 0.00000 0.99759 0.00000 0.00241
0.99927 0.00004 0.00000 0.00058 0.00000 0.00000 0.00011
0.00008 0.00001 0.98817 0.00003 0.00000 0.00422 0.00749
0.00085 0.00001 0.00253 0.00007 0.00000 0.00016 0.99638
0.00001 0.00100 0.00010 0.99878 0.00000 0.00011 0.00000
0.00000 0.00003 0.00081 0.00002 0.00040 0.99871 0.00002
0.16266 0.01398 0.23319 0.26621 0.00123 0.06877 0.25397
0.00107 0.00006 0.99121 0.00000 0.00000 0.00005 0.00761
0.00065 0.00009 0.94739 0.00021 0.00015 0.02186 0.02965
0.00001 0.00030 0.00011 0.00000 0.99298 0.00001 0.00659
0.00059 0.00047 0.00139 0.00044 0.00062 0.00492 0.99158
0.00001 0.00037 0.00093 0.00003 0.98100 0.00180 0.01587
0.01960 0.00000 0.00000 0.98031 0.00000 0.00003 0.00006
0.05348 0.53920 0.25786 0.00363 0.00074 0.03248 0.11261
0.00000 0.00000 0.00000 0.00000 0.99990 0.00000 0.00010
0.00034 0.00002 0.00000 0.99961 0.00000 0.00001 0.00002
0.00005 0.00001 0.00089 0.00043 0.00000 0.99834 0.00027
0.99979 0.00000 0.00002 0.00016 0.00000 0.00000 0.00003
0.00241 0.00002 0.98312 0.00028 0.00002 0.00497 0.00919
0.00001 0.00001 0.99950 0.00000 0.00000 0.00006 0.00042
0.00004 0.96815 0.00540 0.00014 0.00002 0.00022 0.02603
0.00000 0.99972 0.00000 0.00000 0.00001 0.00000 0.00026
0.00007 0.99556 0.00367 0.00000 0.00010 0.00053 0.00005
0.02095 0.69040 0.07339 0.00681 0.00658 0.11181 0.09006
0.95557 0.00037 0.00011 0.03470 0.00001 0.00305 0.00620
0.00061 0.98241 0.00001 0.00035 0.00113 0.00013 0.01536
0.99554 0.00016 0.00009 0.00110 0.00000 0.00001 0.00310
0.01360 0.00020 0.00266 0.96483 0.00002 0.01403 0.00466
0.00000 0.00002 0.00001 0.00026 0.00000 0.99967 0.00004
0.00144 0.00078 0.96246 0.00007 0.00003 0.00052 0.03471
0.03958 0.85760 0.06544 0.00571 0.00093 0.00231 0.02843
0.00163 0.00590 0.92474 0.00073 0.00048 0.04214 0.02437
0.01869 0.00265 0.11619 0.02733 0.00267 0.26346 0.56901
0.00372 0.00963 0.94496 0.00462 0.00104 0.00526 0.03077
0.00076 0.00009 0.00000 0.99875 0.00000 0.00009 0.00031
0.00015 0.93401 0.00076 0.00120 0.02783 0.03008 0.00597
0.00000 0.00000 0.00000 0.00000 1.00000 0.00000 0.00000
0.01684 0.00001 0.08169 0.00027 0.00000 0.00096 0.90023
0.00000 0.99998 0.00000 0.00001 0.00000 0.00000 0.00001
0.00064 0.94199 0.02073 0.00186 0.00040 0.03378 0.00059
0.00000 0.00000 0.00000 0.00000 1.00000 0.00000 0.00000
0.00000 0.00000 0.00000 0.00000 0.99995 0.00000 0.00005
0.00218 0.00163 0.01863 0.00071 0.00525 0.00832 0.96327
0.99987 0.00003 0.00000 0.00006 0.00000 0.00000 0.00004
0.00013 0.00949 0.07261 0.00002 0.00004 0.00030 0.91741
0.00304 0.00003 0.99318 0.00001 0.00000 0.00049 0.00324
0.00128 0.99134 0.00192 0.00278 0.00000 0.00191 0.00077
0.00000 0.00001 0.00000 0.00000 0.99985 0.00000 0.00014
0.00088 0.00001 0.00000 0.99910 0.00000 0.00001 0.00000
0.00020 0.00141 0.98723 0.00012 0.00018 0.00354 0.00731
0.00000 0.00000 0.00000 0.00000 1.00000 0.00000 0.00000
0.00015 0.00004 0.00154 0.00007 0.00001 0.99781 0.00038
0.00172 0.00045 0.00631 0.00161 0.00331 0.02107 0.96554
0.00607 0.60951 0.18011 0.00295 0.00265 0.15018 0.04853
0.00029 0.00011 0.99949 0.00000 0.00000 0.00001 0.00010
0.00000 0.00000 0.00000 0.00000 1.00000 0.00000 0.00000
0.03423 0.00222 0.94429 0.00011 0.00000 0.00061 0.01852
0.00164 0.00001 0.00029 0.95523 0.00004 0.04123 0.00156
0.00000 0.99999 0.00000 0.00000 0.00000 0.00000 0.00000
0.01962 0.12954 0.03180 0.04555 0.44958 0.02438 0.29954
0.00001 0.00000 0.98916 0.00002 0.00022 0.00656 0.00403
0.04126 0.00001 0.00001 0.95140 0.00000 0.00032 0.00700
0.00063 0.00029 0.00011 0.00103 0.00010 0.99500 0.00284
0.04044 0.00008 0.00003 0.95657 0.00000 0.00022 0.00266
0.00074 0.97758 0.00009 0.00138 0.00000 0.01833 0.00188
0.00961 0.00165 0.00227 0.96228 0.00044 0.00858 0.01516
0.00000 1.00000 0.00000 0.00000 0.00000 0.00000 0.00000
0.00139 0.00001 0.00206 0.00014 0.00000 0.00008 0.99630
0.00032 0.99968 0.00000 0.00000 0.00000 0.00000 0.00000
0.97010 0.00003 0.00003 0.01746 0.00000 0.00981 0.00257
0.00006 0.00026 0.00386 0.00020 0.00029 0.99244 0.00289
0.00000 0.00970 0.00000 0.00000 0.99000 0.00000 0.00030
0.00032 0.00052 0.00520 0.00193 0.00096 0.00269 0.98838
0.00004 0.00003 0.08703 0.00001 0.00013 0.00015 0.91260
0.00001 0.00002 0.00000 0.00002 0.00000 0.99995 0.00001
0.00008 0.00002 0.00282 0.00001 0.00001 0.99686 0.00021
0.00000 0.00006 0.00084 0.00003 0.00005 0.99864 0.00037
0.00004 0.00012 0.00635 0.00026 0.00144 0.05539 0.93640
0.00326 0.00103 0.00486 0.01351 0.00003 0.97484 0.00247
0.00000 0.99999 0.00000 0.00000 0.00000 0.00000 0.00000
0.99999 0.00000 0.00000 0.00001 0.00000 0.00000 0.00000
0.99384 0.00000 0.00041 0.00389 0.00000 0.00035 0.00150
0.04217 0.00089 0.00376 0.01364 0.00011 0.00383 0.93560
0.10079 0.01685 0.02588 0.18167 0.00148 0.65960 0.01373
0.00053 0.00057 0.96277 0.00012 0.00082 0.02237 0.01283
0.00000 0.00040 0.96901 0.00004 0.00176 0.02852 0.00028
0.98521 0.00001 0.00004 0.01365 0.00000 0.00044 0.00065
0.00000 0.00000 0.00000 0.00000 0.99967 0.00000 0.00033
0.05028 0.35323 0.07527 0.10492 0.22137 0.06796 0.12696
0.05028 0.35323 0.07527 0.10492 0.22137 0.06796 0.12696
0.00014 0.00001 0.97852 0.00000 0.00007 0.00075 0.02050
0.00000 0.00001 0.99954 0.00000 0.00003 0.00041 0.00000
0.00001 0.00000 0.00036 0.00004 0.00000 0.00000 0.99959
0.00242 0.00010 0.00137 0.00113 0.00001 0.00020 0.99479
0.00000 0.00001 0.00007 0.00000 0.00000 0.99992 0.00000
0.01244 0.00008 0.00000 0.98734 0.00000 0.00001 0.00013
0.00131 0.88902 0.00058 0.00899 0.00046 0.09808 0.00156
0.01305 0.00010 0.00016 0.94028 0.00011 0.03704 0.00925
0.00000 0.99861 0.00000 0.00000 0.00074 0.00057 0.00009
0.12413 0.00548 0.22450 0.01154 0.00004 0.59987 0.03445
0.99327 0.00001 0.00314 0.00240 0.00000 0.00010 0.00108
0.00000 0.00001 0.00000 0.00000 0.98933 0.00001 0.01064
0.00130 0.00026 0.98958 0.00023 0.00000 0.00112 0.00751
0.05028 0.35323 0.07527 0.10492 0.22137 0.06796 0.12696
0.00000 0.00007 0.00013 0.00001 0.00504 0.99345 0.00130
0.00000 0.99223 0.00420 0.00005 0.00025 0.00321 0.00006
0.99992 0.00001 0.00005 0.00001 0.00000 0.00000 0.00001
0.00123 0.00006 0.00352 0.00183 0.00012 0.99277 0.00048
0.00000 0.00000 0.00000 0.00000 1.00000 0.00000 0.00000
0.00000 0.00000 0.00000 0.00000 1.00000 0.00000 0.00000
0.99328 0.00000 0.00000 0.00533 0.00000 0.00005 0.00133
0.00827 0.00150 0.04781 0.01052 0.00100 0.91560 0.01530
0.00051 0.00517 0.01531 0.00016 0.75863 0.00820 0.21201
0.97043 0.00144 0.02556 0.00087 0.00000 0.00038 0.00132
0.00021 0.00008 0.00002 0.00055 0.00004 0.00006 0.99904
0.00001 0.00001 0.99958 0.00000 0.00002 0.00032 0.00007
0.00032 0.99683 0.00001 0.00270 0.00000 0.00001 0.00013
0.00011 0.00523 0.01117 0.00033 0.91785 0.01310 0.05221
0.00032 0.00001 0.00361 0.00030 0.00012 0.00192 0.99373
0.24656 0.01849 0.22382 0.13834 0.00939 0.06136 0.30204
0.00000 0.00000 0.00015 0.00000 0.00003 0.99976 0.00006
0.00007 0.00023 0.09541 0.00004 0.00951 0.01190 0.88285
0.99225 0.00002 0.00060 0.00660 0.00000 0.00004 0.00049
0.00006 0.99879 0.00027 0.00006 0.00000 0.00001 0.00081
0.00000 0.00000 0.99986 0.00000 0.00000 0.00013 0.00001
0.21548 0.00721 0.04205 0.06396 0.00095 0.03816 0.63218
0.00000 1.00000 0.00000 0.00000 0.00000 0.00000 0.00000
0.01049 0.00000 0.00034 0.98914 0.00000 0.00002 0.00000
0.00041 0.00008 0.00008 0.00015 0.00042 0.00028 0.99857
0.00038 0.00019 0.00120 0.00015 0.00027 0.00006 0.99775
0.00005 0.98182 0.00256 0.00030 0.00265 0.00190 0.01073
0.00003 0.00011 0.99851 0.00000 0.00002 0.00051 0.00081
0.00000 0.00001 0.99678 0.00000 0.00000 0.00006 0.00315
0.00000 0.00000 0.00000 0.00000 0.99996 0.00000 0.00004
0.00098 0.00000 0.00000 0.99901 0.00000 0.00001 0.00000
0.00208 0.00003 0.12154 0.00004 0.00014 0.00043 0.87574
0.02701 0.00007 0.00002 0.97049 0.00000 0.00069 0.00171
0.00189 0.00003 0.99762 0.00000 0.00000 0.00002 0.00044
0.00000 0.99999 0.00000 0.00000 0.00000 0.00000 0.00000
0.00000 0.00000 0.00000 0.00000 0.99958 0.00001 0.00041
0.93468 0.00060 0.00132 0.05466 0.00001 0.00090 0.00782
0.00075 0.96272 0.00390 0.00044 0.00105 0.03101 0.00013
0.00000 0.00009 0.00000 0.00001 0.99866 0.00000 0.00125
0.05028 0.35323 0.07527 0.10492 0.22137 0.06796 0.12696
0.00044 0.00011 0.00465 0.00055 0.00256 0.00059 0.99111
0.00328 0.00050 0.01076 0.00068 0.00083 0.00132 0.98264
0.89868 0.00313 0.01502 0.03760 0.00000 0.00094 0.04463
0.00002 0.00016 0.99844 0.00000 0.00002 0.00017 0.00119
0.00000 0.00040 0.97917 0.00003 0.00011 0.01928 0.00101
0.00003 0.00000 0.00329 0.00127 0.00135 0.00091 0.99315
0.00431 0.00181 0.00089 0.91571 0.02081 0.02936 0.02712
0.99969 0.00023 0.00000 0.00007 0.00000 0.00000 0.00001
0.00000 0.00000 0.00000 0.00000 0.99997 0.00000 0.00002
0.02700 0.00003 0.00027 0.97184 0.00000 0.00019 0.00068
0.01196 0.00630 0.01669 0.00853 0.77686 0.12319 0.05647
0.00000 0.00000 0.00000 0.00000 0.99999 0.00000 0.00001
0.03148 0.00092 0.00797 0.00394 0.00107 0.89714 0.05748
0.00000 0.00000 0.00000 0.00000 1.00000 0.00000 0.00000
0.00827 0.00049 0.00081 0.00071 0.00017 0.00325 0.98629
0.00025 0.03751 0.02042 0.00115 0.62011 0.30984 0.01071
0.05524 0.00019 0.00032 0.94178 0.00000 0.00057 0.00190
0.00000 0.99817 0.00041 0.00000 0.00000 0.00023 0.00118
0.00113 0.00026 0.99041 0.00052 0.00005 0.00379 0.00383
0.00004 0.00003 0.00270 0.00005 0.00278 0.00170 0.99271
0.00067 0.00009 0.00019 0.99299 0.00006 0.00385 0.00216
0.03196 0.40062 0.05641 0.08991 0.07077 0.15205 0.19828
0.15368 0.55635 0.01522 0.07816 0.00228 0.00167 0.19264
0.00016 0.00004 0.00663 0.00012 0.00004 0.98447 0.00854
0.00000 0.00006 0.00085 0.00001 0.00004 0.99858 0.00045
0.96055 0.00019 0.00034 0.02965 0.00003 0.00527 0.00397
0.99380 0.00003 0.00020 0.00563 0.00000 0.00000 0.00034
0.00205 0.01326 0.06434 0.00057 0.00072 0.00047 0.91858
0.00000 0.99773 0.00088 0.00000 0.00031 0.00098 0.00010
0.00000 0.00013 0.97284 0.00000 0.00088 0.02523 0.00091
0.00000 0.00000 0.00000 0.00000 1.00000 0.00000 0.00000
0.97025 0.00001 0.00155 0.01840 0.00000 0.00615 0.00364
0.00016 0.44382 0.43135 0.00021 0.00558 0.03724 0.08165
0.00088 0.00010 0.00001 0.99806 0.00000 0.00049 0.00045
0.00000 0.00181 0.00033 0.00000 0.99636 0.00010 0.00139
0.00005 0.00049 0.00582 0.00007 0.00075 0.99232 0.00051
0.00016 0.00002 0.00023 0.00039 0.00007 0.00044 0.99869
0.05754 0.86878 0.00524 0.02471 0.00371 0.00546 0.03456
0.00018 0.94679 0.02136 0.00007 0.01152 0.00113 0.01895
0.00000 0.00000 0.00000 0.00000 1.00000 0.00000 0.00000
0.03140 0.00033 0.00065 0.96576 0.00000 0.00062 0.00124
0.00000 0.00000 0.00000 0.00000 1.00000 0.00000 0.00000
0.00006 0.00343 0.01021 0.00268 0.04418 0.11330 0.82613
0.00151 0.00000 0.00017 0.99799 0.00000 0.00015 0.00018
0.00096 0.00073 0.00025 0.00314 0.00005 0.99143 0.00344
0.01309 0.00207 0.01936 0.00932 0.00114 0.06871 0.88631
0.00002 0.00000 0.99946 0.00000 0.00000 0.00024 0.00028
0.00000 0.00000 0.00000 1.00000 0.00000 0.00000 0.00000
0.00029 0.00067 0.03753 0.00347 0.00930 0.02639 0.92234
0.00001 0.00019 0.98417 0.00001 0.00012 0.01490 0.00060
0.00000 1.00000 0.00000 0.00000 0.00000 0.00000 0.00000
0.05026 0.00026 0.06873 0.00196 0.00012 0.00771 0.87096
0.00000 1.00000 0.00000 0.00000 0.00000 0.00000 0.00000
0.00000 0.00066 0.00002 0.00000 0.99794 0.00000 0.00136
0.00000 0.00000 0.99015 0.00000 0.00001 0.00981 0.00003
0.00048 0.00005 0.00266 0.00046 0.00066 0.99441 0.00127
