# Country Folk Indie Jazz Metal Pop Rock
0.06467 0.00000 0.01000 0.10067 0.02000 0.20133 0.60333
0.15250 0.01000 0.02000 0.08750 0.04053 0.21035 0.47912
0.27504 0.00000 0.00000 0.72496 0.00000 0.00000 0.00000
0.00000 0.00000 0.00000 0.76003 0.00000 0.11566 0.12431
0.04250 0.00000 0.01000 0.61583 0.11000 0.01167 0.21000
0.00000 0.00000 0.00000 0.69585 0.00000 0.00000 0.30415
0.05000 0.00000 0.03000 0.06000 0.02000 0.34000 0.50000
0.00000 0.00000 0.00000 0.99000 0.00000 0.01000 0.00000
0.06000 0.00000 0.03000 0.04000 0.05000 0.25000 0.57000
0.01000 0.01000 0.02000 0.01000 0.00000 0.13000 0.82000
0.03000 0.00000 0.01000 0.01000 0.00000 0.59000 0.36000
0.10000 0.02000 0.01000 0.03000 0.03000 0.55000 0.26000
0.03000 0.00000 0.01000 0.04000 0.09000 0.48000 0.35000
0.02000 0.00000 0.01000 0.00250 0.01000 0.19750 0.76000
0.03000 0.00000 0.04000 0.02500 0.42000 0.14500 0.34000
0.00000 0.00000 0.00000 0.01000 0.00000 0.04500 0.94500
0.13000 0.01000 0.04000 0.07000 0.02000 0.10000 0.63000
0.06250 0.02000 0.02000 0.07350 0.09000 0.19400 0.54000
0.20000 0.00000 0.01000 0.65000 0.00000 0.11714 0.02286
0.06000 0.00000 0.00000 0.08250 0.01000 0.29750 0.55000
0.08000 0.01000 0.02000 0.04500 0.11000 0.13500 0.60000
0.06250 0.01000 0.05000 0.09375 0.08000 0.16125 0.54250
0.01000 0.00000 0.00000 0.89000 0.01000 0.01000 0.08000
0.04000 0.00000 0.00000 0.03000 0.39000 0.14000 0.40000
0.08286 0.00000 0.02000 0.05643 0.06000 0.34071 0.44000
0.01000 0.00000 0.00000 0.01000 0.01000 0.81000 0.16000
0.22000 0.02000 0.02000 0.07000 0.01000 0.18000 0.48000
0.12975 0.00000 0.00000 0.23058 0.05000 0.22471 0.36496
0.07900 0.00000 0.03000 0.05667 0.09000 0.14333 0.60100
0.01000 0.02000 0.02000 0.01000 0.08000 0.11000 0.75000
0.06000 0.02000 0.02000 0.11000 0.05000 0.27000 0.47000
0.08000 0.00000 0.03000 0.13333 0.10000 0.14667 0.51000
0.08917 0.00000 0.00000 0.10839 0.02000 0.58651 0.19592
0.09000 0.02000 0.05000 0.07000 0.04000 0.29000 0.44000
0.16000 0.01000 0.02000 0.08000 0.01000 0.20000 0.52000
0.10625 0.01000 0.00000 0.05559 0.10216 0.12900 0.59701
0.03000 0.01000 0.00000 0.02000 0.01000 0.75000 0.18000
0.07000 0.01000 0.03000 0.01286 0.06000 0.13000 0.68714
0.12375 0.00000 0.00000 0.10000 0.04000 0.25625 0.48000
0.06000 0.00000 0.00000 0.13000 0.05000 0.19000 0.57000
0.03000 0.00000 0.04000 0.03000 0.13000 0.20000 0.57000
0.03000 0.00000 0.00000 0.00000 0.02000 0.05000 0.90000
0.03000 0.01000 0.01000 0.03000 0.02000 0.14333 0.75667
0.00000 0.00000 0.00000 0.98000 0.00000 0.00000 0.02000
0.01000 0.00000 0.04000 0.02000 0.18000 0.10000 0.65000
0.07286 0.00000 0.01000 0.06143 0.00000 0.42371 0.43200
0.03000 0.00000 0.03000 0.07000 0.10000 0.16000 0.61000
0.18000 0.03000 0.03000 0.09000 0.04000 0.14000 0.49000
0.08000 0.01000 0.01000 0.03000 0.01000 0.44000 0.42000
0.09000 0.00000 0.06000 0.02667 0.04000 0.11333 0.67000
0.16200 0.03000 0.04000 0.20800 0.03000 0.12800 0.40200
0.06000 0.01000 0.02000 0.08857 0.06000 0.19143 0.57000
0.09000 0.01000 0.00000 0.17167 0.02000 0.16333 0.54500
0.07000 0.02000 0.02000 0.04000 0.09000 0.17000 0.59000
0.12174 0.00000 0.01000 0.10078 0.02000 0.20617 0.54130
0.01000 0.02000 0.01000 0.02000 0.04000 0.06000 0.84000
0.03000 0.01000 0.02000 0.03667 0.07000 0.08333 0.75000
0.07000 0.01000 0.02000 0.03000 0.09000 0.25000 0.53000
0.10000 0.00000 0.01000 0.07000 0.02000 0.32000 0.48000
0.07000 0.02000 0.04000 0.06000 0.09000 0.16000 0.56000
0.10611 0.00000 0.01000 0.03111 0.01000 0.38778 0.45500
0.18500 0.02000 0.02000 0.04500 0.03000 0.25000 0.45000
0.04000 0.00000 0.00000 0.02333 0.27000 0.19000 0.47667
0.01000 0.00000 0.02000 0.00000 0.03000 0.22000 0.72000
0.02000 0.00000 0.01000 0.24626 0.00000 0.16805 0.55569
0.08000 0.00000 0.03000 0.03000 0.07000 0.14000 0.65000
0.07667 0.01000 0.03000 0.01000 0.07000 0.20333 0.60000
0.09000 0.00000 0.01000 0.73233 0.00000 0.07767 0.09000
0.00000 0.01000 0.05000 0.18000 0.00000 0.43000 0.33000
0.00000 0.00000 0.00000 0.75847 0.00000 0.16607 0.07546
0.02500 0.02000 0.02000 0.04143 0.17000 0.20857 0.51500
0.04000 0.01000 0.03000 0.02667 0.08000 0.07000 0.74333
0.11333 0.00167 0.03000 0.07667 0.08000 0.23583 0.46250
0.05500 0.00000 0.04000 0.02750 0.11000 0.16750 0.60000
0.08222 0.08000 0.06000 0.03000 0.06000 0.13778 0.55000
0.04265 0.00000 0.00000 0.18844 0.00000 0.70890 0.06000
0.08118 0.00000 0.01000 0.20662 0.02000 0.12618 0.55603
0.17500 0.03000 0.01000 0.06000 0.08000 0.20000 0.44500
0.02000 0.01000 0.02000 0.00000 0.72000 0.04000 0.19000
0.05000 0.00000 0.00000 0.02125 0.12125 0.38625 0.42125
0.08000 0.00000 0.00000 0.09750 0.03000 0.20250 0.59000
0.00000 0.00000 0.00000 0.00000 0.01000 0.02000 0.97000
0.00000 0.01000 0.00000 0.33000 0.00000 0.40000 0.26000
0.00000 0.00000 0.02000 0.00000 0.77000 0.03000 0.18000
0.01000 0.00000 0.01000 0.01000 0.02000 0.01000 0.94000
0.08250 0.01000 0.04000 0.10000 0.05000 0.06750 0.65000
0.13000 0.03000 0.01000 0.05000 0.11000 0.19000 0.48000
0.03500 0.00000 0.02000 0.07036 0.21000 0.09464 0.57000
0.00000 0.00000 0.01000 0.04500 0.00000 0.13500 0.81000
0.04000 0.00000 0.00000 0.06000 0.01000 0.20000 0.69000
0.01000 0.02000 0.02000 0.03807 0.18395 0.29190 0.43608
0.00000 0.01000 0.01000 0.04000 0.02000 0.56000 0.36000
0.00000 0.02000 0.00000 0.04000 0.01000 0.74000 0.19000
0.31393 0.00000 0.00000 0.39369 0.00000 0.13713 0.15525
0.09333 0.01000 0.02000 0.54679 0.00000 0.06167 0.26821
0.03000 0.03000 0.03000 0.06000 0.41000 0.08000 0.36000
0.00000 0.00000 0.00000 0.81071 0.00000 0.09115 0.09814
0.06000 0.00000 0.03000 0.05600 0.02000 0.49133 0.34267
0.09000 0.02000 0.01000 0.09500 0.01000 0.24000 0.53500
0.25400 0.00000 0.00000 0.11050 0.03000 0.33350 0.27200
0.04000 0.01000 0.06000 0.01000 0.10000 0.16000 0.62000
0.03083 0.00000 0.00000 0.71167 0.04000 0.06750 0.15000
0.01000 0.00000 0.02000 0.00000 0.07000 0.04000 0.86000
0.00000 0.00000 0.00000 0.00162 0.05189 0.51324 0.43324
0.07222 0.02000 0.04000 0.06444 0.04000 0.22333 0.54000
0.03000 0.02000 0.01000 0.04250 0.02000 0.41750 0.46000
0.03000 0.00000 0.00000 0.03000 0.01000 0.11000 0.82000
0.10000 0.00000 0.02000 0.08000 0.03000 0.38000 0.39000
0.04000 0.00000 0.00000 0.10000 0.06000 0.11500 0.68500
0.08000 0.00000 0.03000 0.07727 0.05000 0.29182 0.47091
0.08000 0.00000 0.00000 0.02000 0.14000 0.19000 0.57000
0.05100 0.00000 0.02000 0.09833 0.02000 0.22400 0.58667
0.05000 0.00000 0.00000 0.02000 0.01000 0.60000 0.32000
0.03767 0.00100 0.02000 0.12333 0.07000 0.14933 0.59867
0.02000 0.00000 0.02000 0.59667 0.07000 0.09000 0.20333
0.02000 0.00000 0.00000 0.02000 0.04000 0.07000 0.85000
0.09000 0.01000 0.02000 0.08000 0.06180 0.22092 0.51728
0.07000 0.00000 0.04000 0.01000 0.15000 0.06000 0.67000
0.02000 0.00000 0.02000 0.05000 0.00000 0.08000 0.83000
0.00000 0.01000 0.01000 0.04000 0.01000 0.68000 0.25000
0.09000 0.03000 0.08000 0.03000 0.01000 0.23667 0.52333
0.00000 0.03000 0.04000 0.03111 0.08789 0.32222 0.48878
0.02000 0.00000 0.00000 0.05346 0.01000 0.02500 0.89154
0.04000 0.01000 0.01000 0.02500 0.04000 0.27000 0.60500
0.06000 0.01000 0.02000 0.51833 0.02000 0.11417 0.25750
0.11000 0.00000 0.00000 0.12167 0.03000 0.15500 0.58333
0.03000 0.01000 0.02000 0.10000 0.04000 0.23000 0.57000
0.09250 0.00000 0.03000 0.01000 0.15000 0.26000 0.45750
0.04000 0.00000 0.01000 0.67071 0.00000 0.17929 0.10000
0.03000 0.00000 0.01000 0.02000 0.10000 0.09000 0.75000
0.02000 0.00000 0.00000 0.05000 0.01000 0.04000 0.88000
0.03000 0.01000 0.02000 0.01000 0.04000 0.15000 0.74000
0.11031 0.01000 0.00000 0.07538 0.04000 0.23431 0.53000
0.07000 0.04200 0.01000 0.07267 0.11267 0.29067 0.40200
0.06000 0.00000 0.01000 0.05000 0.25000 0.15000 0.48000
0.04000 0.00000 0.00000 0.70810 0.02000 0.10286 0.12905
0.14000 0.00000 0.00000 0.04000 0.02000 0.23000 0.57000
0.02000 0.00000 0.00000 0.75867 0.00000 0.07633 0.14500
0.08000 0.01000 0.05000 0.04000 0.06000 0.19000 0.57000
0.01000 0.01000 0.01000 0.01000 0.02000 0.10000 0.84000
0.10000 0.01000 0.00000 0.08000 0.24000 0.19000 0.38000
0.17000 0.02000 0.02000 0.08500 0.04000 0.15500 0.51000
0.04000 0.01000 0.04000 0.01333 0.07143 0.17857 0.64667
0.02000 0.00000 0.02000 0.01000 0.00000 0.07000 0.88000
0.00000 0.00000 0.00000 0.81560 0.00000 0.00000 0.18440
0.02500 0.00000 0.01000 0.00500 0.01000 0.88000 0.07000
0.03000 0.01000 0.00000 0.02500 0.68000 0.02000 0.23500
0.00000 0.00000 0.00000 0.01070 0.01298 0.02263 0.95368
0.01000 0.00000 0.00000 0.04500 0.03000 0.67000 0.24500
0.15500 0.00000 0.03000 0.04667 0.05000 0.19583 0.52250
0.09833 0.00000 0.01000 0.06800 0.04000 0.24000 0.54367
0.02000 0.00000 0.02000 0.01000 0.02000 0.73000 0.20000
0.12000 0.00000 0.02000 0.02625 0.19000 0.13125 0.51250
0.05000 0.00000 0.02000 0.01000 0.18000 0.11000 0.63000
0.02000 0.00000 0.00000 0.01000 0.09000 0.07000 0.81000
0.07000 0.00000 0.02000 0.18736 0.03000 0.26964 0.42300
0.08200 0.03000 0.02000 0.05000 0.09000 0.19000 0.53800
0.08000 0.01000 0.02000 0.06182 0.07000 0.21636 0.54182
0.07000 0.00000 0.00000 0.03000 0.03000 0.21667 0.65333
0.08000 0.01000 0.02000 0.02000 0.26000 0.09000 0.52000
0.39675 0.00000 0.00000 0.48548 0.00000 0.01222 0.10556
0.05000 0.04000 0.05000 0.07100 0.08000 0.10400 0.60500
0.01000 0.01000 0.01000 0.02000 0.05000 0.25000 0.65000
0.04000 0.00000 0.01000 0.09333 0.05000 0.20667 0.60000
0.12000 0.00000 0.04000 0.06500 0.08000 0.19250 0.50250
0.09000 0.00000 0.02000 0.06000 0.03000 0.26000 0.54000
0.09000 0.00000 0.03000 0.04000 0.03000 0.22000 0.59000
0.12000 0.00000 0.02000 0.11000 0.04400 0.28000 0.42600
0.11000 0.00000 0.00000 0.03000 0.00000 0.13000 0.73000
0.07234 0.00000 0.00000 0.04792 0.01000 0.37792 0.49182
0.00000 0.00000 0.01000 0.00000 0.02000 0.54000 0.43000
0.02000 0.00000 0.02000 0.52000 0.02000 0.11000 0.31000
0.00000 0.00000 0.02000 0.72000 0.01000 0.15000 0.10000
0.00000 0.01000 0.05000 0.03000 0.00000 0.65000 0.26000
0.12000 0.00000 0.02000 0.03833 0.27000 0.13000 0.42167
0.01667 0.00000 0.00000 0.04333 0.05000 0.16000 0.73000
0.00000 0.01000 0.00000 0.83000 0.00000 0.03000 0.13000
0.15517 0.00000 0.00000 0.39217 0.02000 0.18267 0.25000
0.01143 0.00000 0.00000 0.03000 0.00000 0.08000 0.87857
0.08750 0.00000 0.04000 0.08000 0.05000 0.21000 0.53250
0.05000 0.01000 0.01000 0.06000 0.06000 0.39000 0.42000
0.10000 0.00000 0.04000 0.04000 0.04000 0.21000 0.57000
0.09000 0.02000 0.00000 0.15457 0.01000 0.29343 0.43200
0.04167 0.01000 0.01000 0.08000 0.04167 0.41310 0.40357
0.12000 0.01000 0.01000 0.04000 0.16000 0.10000 0.56000
0.00000 0.00000 0.01000 0.68659 0.01086 0.03910 0.25345
0.06000 0.01000 0.03000 0.10329 0.04000 0.26005 0.49667
0.02000 0.01000 0.01000 0.02000 0.05000 0.24000 0.65000
0.06000 0.00000 0.00000 0.05200 0.02000 0.36000 0.50800
0.05000 0.01000 0.04000 0.00000 0.05000 0.14000 0.71000
0.20000 0.01000 0.04000 0.10938 0.04000 0.27063 0.33000
0.08000 0.00000 0.00000 0.04000 0.02000 0.23000 0.63000
0.15000 0.00000 0.01000 0.07000 0.02000 0.22000 0.53000
0.01000 0.01000 0.01000 0.03000 0.00000 0.70000 0.24000
0.10500 0.01000 0.02000 0.06250 0.08000 0.16750 0.55500
0.08167 0.01000 0.00000 0.08167 0.01000 0.51333 0.30333
0.02000 0.01000 0.03000 0.03000 0.04000 0.53000 0.34000
0.04000 0.00000 0.04000 0.06000 0.11000 0.19000 0.56000
0.00000 0.01000 0.05000 0.02000 0.00000 0.74000 0.18000
0.00000 0.00000 0.00000 0.71404 0.00000 0.28596 0.00000
0.03000 0.00000 0.00000 0.12500 0.06000 0.34000 0.44500
0.07000 0.00000 0.00000 0.06769 0.03000 0.24897 0.58333
0.04000 0.00000 0.02000 0.02000 0.02000 0.07000 0.83000
0.03000 0.00000 0.00000 0.85000 0.00000 0.04000 0.08000
0.12000 0.00000 0.03000 0.06000 0.05000 0.21000 0.53000
0.02000 0.00000 0.00000 0.02000 0.01000 0.03000 0.92000
0.06861 0.00000 0.00000 0.80855 0.00000 0.12283 0.00000
0.00000 0.00000 0.00000 1.00000 0.00000 0.00000 0.00000
0.00667 0.01000 0.00000 0.66833 0.00000 0.16500 0.15000
0.04000 0.00000 0.02000 0.05800 0.03000 0.25000 0.60200
0.03000 0.00000 0.03000 0.04000 0.00000 0.11000 0.79000
0.03200 0.01000 0.01000 0.53700 0.05000 0.06500 0.29600
0.08000 0.02000 0.03000 0.07000 0.03000 0.17000 0.60000
0.12000 0.00000 0.01000 0.05000 0.03000 0.48000 0.31000
0.04000 0.01000 0.01000 0.00000 0.11000 0.16000 0.67000
0.07833 0.00000 0.02000 0.29833 0.00000 0.12733 0.47600
0.01000 0.00000 0.00000 0.07000 0.02000 0.21000 0.69000
0.02000 0.02000 0.01000 0.02000 0.03000 0.32667 0.57333
0.11000 0.02000 0.05000 0.09000 0.01000 0.16500 0.55500
0.08000 0.00000 0.02000 0.00486 0.07343 0.09886 0.72286
0.00000 0.02000 0.06000 0.05000 0.14000 0.21000 0.52000
0.06000 0.00000 0.06000 0.02000 0.05000 0.16000 0.65000
0.09000 0.01000 0.00000 0.02000 0.13000 0.18000 0.57000
0.12000 0.00000 0.00000 0.10000 0.16000 0.07000 0.55000
0.01000 0.00000 0.01000 0.05000 0.00000 0.62000 0.31000
0.00000 0.00000 0.06000 0.00000 0.06000 0.16000 0.72000
0.08000 0.02000 0.02000 0.05000 0.03000 0.24000 0.56000
0.01000 0.00000 0.01000 0.17000 0.01000 0.13000 0.67000
0.24333 0.01000 0.04000 0.12000 0.06000 0.17000 0.35667
0.00000 0.00000 0.00000 0.00000 0.04000 0.34000 0.62000
0.00849 0.00000 0.02531 0.84956 0.00000 0.03764 0.07900
0.01000 0.01000 0.00000 0.73000 0.03000 0.06000 0.16000
0.02000 0.00000 0.00000 0.90631 0.01000 0.02000 0.04369
0.02000 0.00000 0.00000 0.14000 0.01500 0.38500 0.44000
0.14000 0.01500 0.04000 0.08000 0.04000 0.08000 0.60500
0.12000 0.00000 0.01000 0.07000 0.03000 0.16000 0.61000
0.05000 0.01000 0.02000 0.07167 0.03000 0.26667 0.55167
0.10000 0.00000 0.02000 0.06429 0.07000 0.19000 0.55571
0.07000 0.01000 0.02000 0.02000 0.05000 0.13000 0.70000
0.01000 0.00000 0.00000 0.00000 0.06000 0.08000 0.85000
0.09000 0.00000 0.04000 0.01000 0.10000 0.10000 0.66000
0.07838 0.00000 0.00000 0.77329 0.00000 0.14833 0.00000
0.07667 0.02000 0.03000 0.04333 0.11000 0.14000 0.58000
0.03115 0.01000 0.02038 0.02115 0.04000 0.23244 0.64487
0.03000 0.00000 0.02000 0.05000 0.01000 0.25000 0.64000
0.00000 0.00000 0.00000 0.11000 0.03000 0.66000 0.20000
0.04000 0.02000 0.03000 0.06667 0.11000 0.10333 0.63000
0.06000 0.00000 0.02000 0.05000 0.18000 0.13000 0.56000
0.06000 0.02000 0.03000 0.04000 0.12000 0.22000 0.51000
0.03667 0.01000 0.01000 0.04000 0.15000 0.15333 0.60000
0.07000 0.00000 0.05000 0.01000 0.14000 0.06000 0.67000
0.05000 0.00000 0.02000 0.00000 0.00000 0.09500 0.83500
0.09000 0.00000 0.01000 0.13000 0.03000 0.36000 0.38000
0.07000 0.01000 0.04000 0.04750 0.03000 0.36750 0.43500
0.11000 0.02000 0.01000 0.17800 0.03000 0.16533 0.48667
0.13600 0.00000 0.00000 0.06400 0.05000 0.27000 0.48000
0.11067 0.01000 0.04000 0.03973 0.07713 0.07852 0.64396
0.01000 0.01000 0.00000 0.00000 0.01000 0.74000 0.23000
0.11083 0.01000 0.02000 0.04250 0.04000 0.36417 0.41250
0.07750 0.02000 0.00000 0.34183 0.03000 0.08667 0.44400
0.01000 0.00000 0.02000 0.04000 0.05000 0.18000 0.70000
0.00000 0.00000 0.00000 0.00000 0.79000 0.06000 0.15000
0.00000 0.03000 0.01000 0.02000 0.00000 0.53000 0.41000
0.06000 0.00000 0.01000 0.08000 0.01000 0.32667 0.51333
0.11000 0.02000 0.04000 0.05000 0.06000 0.28000 0.44000
0.06000 0.00000 0.01000 0.08000 0.04000 0.57333 0.23667
0.00000 0.00000 0.00000 0.84255 0.00000 0.12058 0.03687
0.09100 0.00000 0.00000 0.25400 0.02000 0.31000 0.32500
0.08000 0.01000 0.03000 0.16167 0.05000 0.18667 0.48167
0.07000 0.00000 0.00000 0.05000 0.02000 0.34000 0.52000
0.03000 0.00000 0.00000 0.73750 0.00000 0.05250 0.18000
0.06000 0.00000 0.05000 0.21042 0.04000 0.18458 0.45500
0.05000 0.00167 0.00000 0.73833 0.02000 0.03000 0.16000
0.03000 0.02000 0.04000 0.00000 0.02000 0.07000 0.82000
0.00000 0.00000 0.00000 0.00000 0.01000 0.77000 0.22000
0.13000 0.00000 0.00000 0.10000 0.01000 0.39000 0.37000
0.12333 0.01000 0.04000 0.10167 0.01000 0.25500 0.46000
0.06200 0.00000 0.01000 0.38700 0.00000 0.09100 0.45000
0.05000 0.01000 0.00000 0.02000 0.05000 0.23000 0.64000
0.08500 0.02500 0.04000 0.06000 0.00000 0.30000 0.49000
0.06333 0.01000 0.03000 0.06722 0.08444 0.13500 0.61000
0.05091 0.02000 0.03000 0.05636 0.05000 0.19091 0.60182
0.09000 0.01000 0.02000 0.03200 0.15000 0.22800 0.47000
0.06000 0.01000 0.04000 0.14200 0.00000 0.11800 0.63000
0.07500 0.01000 0.03000 0.11750 0.01000 0.24750 0.51000
0.08333 0.00333 0.00000 0.09400 0.08600 0.26000 0.47333
0.17400 0.01000 0.00000 0.06700 0.03300 0.24400 0.47200
0.08143 0.02000 0.00000 0.09000 0.01000 0.14500 0.65357
0.06000 0.00000 0.00000 0.01000 0.08000 0.27600 0.57400
0.08000 0.01000 0.05000 0.07000 0.25000 0.16000 0.38000
0.00000 0.00000 0.00000 0.00000 0.03000 0.86000 0.11000
0.03000 0.01000 0.00000 0.05000 0.08000 0.23000 0.60000
0.11000 0.00000 0.01000 0.08333 0.13000 0.13667 0.53000
0.01000 0.00000 0.00000 0.00000 0.01000 0.87000 0.11000
0.05000 0.00000 0.02000 0.01000 0.03000 0.41000 0.48000
0.14000 0.02000 0.04000 0.09567 0.02000 0.22433 0.46000
0.02000 0.00000 0.02000 0.01000 0.08000 0.08000 0.79000
0.10667 0.01000 0.02000 0.05333 0.01000 0.28667 0.51333
0.01000 0.00000 0.00000 0.00000 0.05000 0.05000 0.89000
0.00133 0.00000 0.00000 0.05700 0.02000 0.09667 0.82500
0.09333 0.01000 0.02000 0.05667 0.04000 0.22000 0.56000
0.69000 0.01000 0.00000 0.03000 0.00500 0.03000 0.23500
0.09000 0.04000 0.02000 0.04000 0.09000 0.05000 0.67000
0.08286 0.00000 0.00000 0.03000 0.02000 0.18286 0.68429
0.01000 0.00000 0.00000 0.77000 0.00000 0.03000 0.19000
0.07000 0.04000 0.01000 0.02000 0.04000 0.09000 0.73000
0.07000 0.02000 0.02000 0.03000 0.05000 0.20750 0.60250
0.07000 0.02000 0.02000 0.06000 0.17000 0.14000 0.52000
0.08000 0.02000 0.01000 0.06000 0.11000 0.26000 0.46000
0.04250 0.01000 0.00000 0.02750 0.01000 0.07000 0.84000
0.07833 0.00000 0.00000 0.05900 0.11000 0.23600 0.51667
0.06000 0.00000 0.01000 0.00000 0.54000 0.09000 0.30000
0.07361 0.02200 0.01000 0.16500 0.02000 0.43022 0.27917
0.05000 0.02000 0.04000 0.08000 0.06000 0.15000 0.60000
0.05000 0.02000 0.02000 0.05000 0.01000 0.27000 0.58000
0.03000 0.00000 0.02000 0.02667 0.01000 0.13333 0.78000
0.07000 0.00000 0.01000 0.59000 0.01000 0.10000 0.22000
0.08000 0.02000 0.03000 0.05500 0.10000 0.22000 0.49500
0.03000 0.01000 0.00000 0.00000 0.61000 0.11000 0.24000
0.03000 0.02000 0.00000 0.04417 0.06000 0.05333 0.79250
0.05000 0.00000 0.04000 0.04167 0.08000 0.22833 0.56000
0.18000 0.00000 0.02000 0.18250 0.05000 0.20375 0.36375
0.00000 0.00000 0.00000 0.90667 0.00000 0.05333 0.04000
0.05000 0.00000 0.01000 0.02125 0.13000 0.13000 0.65875
0.04000 0.00000 0.02000 0.00200 0.13000 0.11800 0.69000
0.10000 0.02000 0.04000 0.04400 0.11000 0.20400 0.48200
0.12633 0.00000 0.01000 0.30150 0.03000 0.20900 0.32317
0.22596 0.15558 0.01000 0.58846 0.01000 0.00000 0.01000
0.09000 0.02000 0.02000 0.01000 0.10000 0.15000 0.61000
0.09500 0.01000 0.05000 0.06367 0.00000 0.23133 0.55000
0.03000 0.01000 0.04000 0.01667 0.04000 0.20333 0.66000
0.01000 0.00000 0.00000 0.83000 0.01000 0.08000 0.07000
0.14222 0.01000 0.02000 0.04111 0.05000 0.18833 0.54833
0.00000 0.00000 0.00000 0.77305 0.00000 0.22695 0.00000
0.08000 0.00000 0.00000 0.04000 0.04000 0.23000 0.61000
0.00154 0.02000 0.01077 0.05077 0.00000 0.76077 0.15615
0.31352 0.00000 0.00000 0.59459 0.00000 0.09188 0.00000
0.04000 0.01000 0.05000 0.03633 0.02125 0.22133 0.62108
0.05077 0.01000 0.06000 0.03385 0.09154 0.15154 0.60231
0.14000 0.01000 0.00000 0.08278 0.03000 0.29722 0.44000
0.11400 0.00000 0.01000 0.50167 0.03000 0.15750 0.18683
0.05143 0.00000 0.05000 0.25357 0.02000 0.17000 0.45500
0.10000 0.00000 0.01000 0.07333 0.01000 0.28333 0.52333
0.07333 0.00000 0.02000 0.09667 0.03000 0.21000 0.57000
0.01000 0.00000 0.00000 0.02000 0.01000 0.06000 0.90000
0.05000 0.01000 0.02000 0.13250 0.09000 0.19750 0.50000
0.06286 0.01000 0.01000 0.82143 0.00000 0.03286 0.06286
0.13500 0.04000 0.00000 0.22542 0.00000 0.21208 0.38750
0.03310 0.01185 0.01000 0.11023 0.09000 0.14444 0.60037
0.05000 0.02000 0.00000 0.02000 0.02000 0.27000 0.62000
0.00333 0.00000 0.04000 0.02667 0.05429 0.05000 0.82571
0.02600 0.00000 0.01000 0.03400 0.00000 0.77000 0.16000
0.05000 0.00000 0.02000 0.03000 0.03000 0.50000 0.37000
0.12000 0.01000 0.04000 0.04500 0.04000 0.17500 0.57000
0.05000 0.00000 0.04000 0.09000 0.08000 0.09000 0.65000
0.11250 0.02000 0.01000 0.05250 0.11000 0.21500 0.48000
0.03000 0.02000 0.00000 0.06000 0.04000 0.22000 0.63000
0.03000 0.02000 0.02000 0.05125 0.07000 0.26375 0.54500
0.10000 0.01000 0.01000 0.06000 0.15000 0.19000 0.48000
0.00000 0.01000 0.01000 0.02000 0.00000 0.79000 0.17000
0.26750 0.02000 0.03000 0.17250 0.00000 0.20000 0.31000
0.12167 0.01000 0.03000 0.12389 0.06000 0.22444 0.43000
0.02000 0.01000 0.02000 0.05860 0.08427 0.23085 0.57629
0.03750 0.00000 0.00000 0.88000 0.00000 0.05250 0.03000
0.45967 0.01000 0.00000 0.02000 0.00000 0.00000 0.51033
0.08500 0.01000 0.03000 0.05500 0.05000 0.22000 0.55000
0.07000 0.00000 0.02000 0.04000 0.02000 0.15000 0.70000
0.09000 0.01000 0.00000 0.04000 0.06000 0.34000 0.46000
0.02000 0.00000 0.01000 0.04333 0.00000 0.17667 0.75000
0.03000 0.00000 0.02000 0.30038 0.00000 0.31987 0.32974
0.02500 0.01000 0.02000 0.04250 0.02000 0.18000 0.70250
0.05000 0.01000 0.01000 0.02667 0.02000 0.19000 0.69333
0.00000 0.00000 0.05000 0.01000 0.13000 0.36000 0.45000
0.15000 0.01000 0.03000 0.03000 0.08000 0.18000 0.52000
0.21429 0.01000 0.00000 0.06726 0.08000 0.23702 0.39143
0.10000 0.01000 0.01000 0.07000 0.03000 0.16000 0.62000
0.08000 0.00000 0.07000 0.08000 0.09000 0.10000 0.58000
0.09000 0.00000 0.01000 0.07667 0.03000 0.22333 0.57000
0.02000 0.00000 0.01000 0.00000 0.10000 0.11000 0.76000
0.05000 0.00000 0.01000 0.01000 0.62000 0.21000 0.10000
0.19000 0.00000 0.01000 0.03667 0.02000 0.31333 0.43000
0.10000 0.00000 0.02000 0.01000 0.35000 0.10000 0.42000
0.07000 0.02000 0.02000 0.03000 0.04000 0.10000 0.72000
0.09000 0.00000 0.04000 0.11500 0.05000 0.23000 0.47500
0.06000 0.00000 0.00000 0.09000 0.06714 0.14000 0.64286
0.03000 0.00000 0.55000 0.02000 0.06000 0.14000 0.20000
0.05000 0.00000 0.00000 0.03000 0.00000 0.49500 0.42500
0.10000 0.00000 0.00000 0.02000 0.10000 0.17000 0.61000
0.12000 0.00000 0.04000 0.06000 0.08000 0.11000 0.59000
0.03000 0.01000 0.00000 0.46000 0.01000 0.04000 0.45000
0.15400 0.00000 0.02000 0.20000 0.01000 0.24600 0.37000
0.07300 0.00000 0.00000 0.19150 0.06000 0.26850 0.40700
0.04143 0.03000 0.01000 0.16857 0.00000 0.61000 0.14000
0.08000 0.01000 0.02000 0.06000 0.01000 0.07000 0.75000
0.11000 0.00000 0.01000 0.06000 0.02000 0.16000 0.64000
0.04750 0.00000 0.04000 0.07050 0.09000 0.18850 0.56350
0.03500 0.00000 0.01000 0.04000 0.00000 0.16500 0.75000
0.02000 0.00000 0.01000 0.02000 0.01000 0.08000 0.86000
0.10000 0.00000 0.03000 0.04000 0.07000 0.37000 0.39000
0.07000 0.00000 0.00000 0.07000 0.03000 0.21000 0.62000
0.00000 0.00000 0.01000 0.04000 0.01000 0.44000 0.50000
0.06000 0.00000 0.04000 0.04000 0.08000 0.21000 0.57000
0.03333 0.01167 0.01000 0.07500 0.10000 0.20000 0.57000
0.00250 0.00000 0.00000 0.09250 0.02000 0.08000 0.80500
0.68000 0.00000 0.00000 0.02000 0.00000 0.23000 0.07000
0.10000 0.02000 0.01000 0.06667 0.02000 0.32000 0.46333
0.03000 0.00000 0.02000 0.01000 0.01000 0.30000 0.63000
0.09000 0.01000 0.02000 0.04000 0.02000 0.25000 0.57000
0.07000 0.00000 0.01000 0.01000 0.09000 0.12000 0.70000
0.09333 0.00000 0.02000 0.10000 0.09000 0.12000 0.57667
0.03000 0.00000 0.04000 0.04500 0.29000 0.13750 0.45750
0.00500 0.03000 0.00000 0.53500 0.02000 0.11000 0.30000
0.09000 0.02000 0.01000 0.04733 0.35000 0.11600 0.36667
0.04000 0.00000 0.01000 0.04000 0.01000 0.46000 0.44000
0.01000 0.00000 0.00000 0.03872 0.04947 0.09572 0.80610
0.03000 0.00000 0.03000 0.03000 0.03000 0.22000 0.66000
0.11444 0.04000 0.02000 0.03222 0.06000 0.22111 0.51222
0.01000 0.00000 0.00000 0.00500 0.02000 0.09500 0.87000
0.04066 0.00148 0.04000 0.02921 0.26155 0.07490 0.55220
0.11000 0.00000 0.03000 0.13000 0.05000 0.13000 0.55000
0.05000 0.00000 0.00000 0.01000 0.03000 0.36000 0.55000
0.16757 0.00000 0.00000 0.01000 0.00000 0.82243 0.00000
0.76000 0.00000 0.00000 0.06833 0.00000 0.09167 0.08000
0.12000 0.00000 0.04000 0.03000 0.04000 0.22000 0.55000
0.03000 0.00000 0.01000 0.05500 0.01000 0.17500 0.72000
0.02000 0.00000 0.00000 0.08200 0.02000 0.39400 0.48400
0.38000 0.00000 0.02000 0.03000 0.01000 0.14000 0.42000
0.00000 0.00000 0.02000 0.03000 0.02000 0.59000 0.34000
0.08233 0.00000 0.01000 0.67733 0.02000 0.07733 0.13300
0.02000 0.00000 0.01000 0.05318 0.03245 0.19912 0.68525
0.05000 0.01000 0.00000 0.01000 0.00000 0.25000 0.68000
0.09583 0.00000 0.03000 0.13750 0.04000 0.26667 0.43000
0.04000 0.00000 0.01000 0.06500 0.01000 0.22000 0.65500
0.07000 0.00000 0.01000 0.04000 0.05000 0.21000 0.62000
0.05000 0.01000 0.03000 0.05500 0.06125 0.18250 0.61125
0.02500 0.02000 0.02000 0.05000 0.04000 0.07000 0.77500
0.04750 0.03000 0.02500 0.06583 0.05000 0.22500 0.55667
0.00000 0.00000 0.00000 0.00750 0.00000 0.04517 0.94733
0.01000 0.01000 0.02000 0.02333 0.06000 0.04167 0.83500
0.00000 0.00000 0.01000 0.98000 0.00000 0.01000 0.00000
0.09633 0.00000 0.00000 0.24007 0.03071 0.18805 0.44483
0.09750 0.00000 0.01000 0.08000 0.03000 0.29500 0.48750
0.09000 0.02000 0.01000 0.05250 0.04000 0.20250 0.58500
0.00143 0.01000 0.00000 0.76714 0.00000 0.06143 0.16000
0.06667 0.00000 0.00000 0.10000 0.02000 0.18000 0.63333
0.01000 0.00000 0.01000 0.04068 0.07409 0.10511 0.76012
0.04000 0.00000 0.02000 0.09000 0.01000 0.27000 0.57000
0.04000 0.03000 0.04000 0.09000 0.07000 0.21667 0.51333
0.10000 0.02000 0.04000 0.10100 0.07000 0.14900 0.52000
0.21000 0.00000 0.00000 0.06909 0.00427 0.13614 0.58050
0.05000 0.02000 0.02000 0.05600 0.06000 0.21900 0.57500
0.07142 0.01000 0.02636 0.13750 0.02000 0.07125 0.66348
0.04000 0.00000 0.03000 0.03000 0.09000 0.23000 0.58000
0.05000 0.04000 0.03000 0.10083 0.38000 0.13000 0.26917
0.03000 0.00000 0.06000 0.01000 0.05000 0.11000 0.74000
0.08000 0.01000 0.01000 0.08000 0.08000 0.15000 0.59000
0.09050 0.01000 0.01000 0.08250 0.21050 0.18300 0.41350
0.04000 0.01000 0.02000 0.18667 0.02000 0.16000 0.56333
0.05000 0.01000 0.02000 0.02000 0.35000 0.12000 0.43000
0.11000 0.01000 0.03000 0.08000 0.04000 0.35000 0.38000
0.04000 0.02000 0.01000 0.04000 0.17000 0.13333 0.58667
0.00000 0.00000 0.00000 0.93333 0.00000 0.00000 0.06667
0.27500 0.01000 0.01000 0.04250 0.07000 0.06250 0.53000
0.01000 0.01000 0.00000 0.02000 0.01000 0.82000 0.13000
0.11000 0.00000 0.01000 0.04000 0.07000 0.14000 0.63000
0.00000 0.05000 0.00000 0.05000 0.00000 0.75000 0.15000
0.01000 0.00000 0.01000 0.01000 0.03000 0.03000 0.91000
0.00000 0.00000 0.01000 0.02000 0.00000 0.80000 0.17000
0.09000 0.01000 0.02000 0.04500 0.03500 0.39000 0.41000
0.06000 0.01000 0.02000 0.08000 0.00000 0.26000 0.57000
0.10733 0.00000 0.02000 0.21517 0.10000 0.15750 0.40000
0.08000 0.00000 0.02000 0.06000 0.01000 0.22000 0.61000
0.13000 0.00000 0.02000 0.12000 0.02000 0.33000 0.38000
0.00000 0.06824 0.07245 0.21814 0.07068 0.39081 0.17968
0.10000 0.01000 0.05333 0.07000 0.05000 0.14000 0.57667
0.03400 0.00600 0.01000 0.65400 0.02000 0.06000 0.21600
0.03000 0.01000 0.03000 0.01000 0.04000 0.05000 0.83000
0.05000 0.03000 0.01000 0.03000 0.05000 0.08000 0.75000
0.01000 0.00000 0.00000 0.02133 0.05222 0.34267 0.57378
0.06000 0.01000 0.01000 0.02600 0.02000 0.37400 0.50000
0.03000 0.00000 0.00000 0.07500 0.01333 0.20167 0.68000
0.13000 0.00000 0.03000 0.08667 0.11000 0.13333 0.51000
0.03000 0.00000 0.01000 0.01000 0.00000 0.03000 0.92000
0.03000 0.00000 0.00000 0.01000 0.00000 0.11000 0.85000
0.09000 0.03000 0.01000 0.09167 0.01000 0.26167 0.50667
0.12000 0.01000 0.01000 0.04000 0.03000 0.09000 0.70000
0.06268 0.00000 0.02000 0.22687 0.03000 0.20795 0.45250
0.00000 0.00000 0.11000 0.30000 0.00000 0.31000 0.28000
0.09000 0.02000 0.02000 0.09500 0.18000 0.24000 0.35500
0.05000 0.00000 0.00000 0.04000 0.00000 0.38000 0.53000
0.08043 0.00000 0.00000 0.76876 0.00000 0.08381 0.06700
0.02000 0.00000 0.03000 0.04818 0.45000 0.08182 0.37000
0.13000 0.01000 0.02000 0.09000 0.05000 0.26000 0.44000
0.06000 0.00000 0.02000 0.13500 0.03125 0.19250 0.56125
0.00393 0.00000 0.00000 0.62345 0.00000 0.30119 0.07143
0.03000 0.00000 0.01000 0.01000 0.36400 0.16600 0.42000
0.11100 0.00000 0.01000 0.05900 0.00000 0.10100 0.71900
0.12000 0.00000 0.02000 0.03000 0.25000 0.13500 0.44500
0.18571 0.04000 0.01000 0.11429 0.02000 0.16500 0.46500
0.10111 0.02333 0.01000 0.16022 0.05000 0.17533 0.48000
0.03000 0.01000 0.00000 0.07500 0.05000 0.09000 0.74500
0.06000 0.01000 0.00000 0.05238 0.01000 0.33286 0.53476
0.13000 0.01000 0.02000 0.09200 0.03000 0.24150 0.47650
0.06000 0.01000 0.03000 0.10767 0.10000 0.17733 0.51500
0.16000 0.03000 0.01000 0.25875 0.05000 0.09000 0.40125
0.06000 0.02167 0.01000 0.03000 0.03083 0.21167 0.63583
0.06500 0.00286 0.01000 0.06571 0.05000 0.26500 0.54143
0.08000 0.02000 0.00000 0.04000 0.07000 0.20000 0.59000
0.06000 0.00000 0.02000 0.04500 0.18000 0.11000 0.58500
0.07000 0.00000 0.00000 0.05000 0.01000 0.38000 0.49000
0.05000 0.00000 0.02000 0.04000 0.33000 0.15692 0.40308
0.08000 0.00000 0.04000 0.00000 0.20000 0.09000 0.59000
0.00000 0.00000 0.00000 0.00000 0.08488 0.48464 0.43047
0.07000 0.00000 0.00000 0.08000 0.00000 0.78000 0.07000
0.15800 0.02000 0.01000 0.06000 0.07000 0.12000 0.56200
0.10000 0.00000 0.00000 0.04000 0.09000 0.30000 0.47000
0.07000 0.00067 0.04000 0.05067 0.10200 0.07000 0.66667
0.00000 0.02000 0.01000 0.03000 0.01000 0.54000 0.39000
0.00000 0.01000 0.00000 0.00000 0.02000 0.91000 0.06000
0.11000 0.00000 0.01000 0.06000 0.04000 0.28000 0.50000
0.06833 0.01000 0.01000 0.08833 0.04000 0.16333 0.62000
0.08000 0.00000 0.03000 0.03000 0.03000 0.39000 0.44000
0.06333 0.00000 0.00000 0.04000 0.01000 0.15667 0.73000
0.03000 0.05000 0.00000 0.03000 0.08000 0.39000 0.42000
0.00000 0.02000 0.00000 0.03000 0.01000 0.50000 0.44000
0.02000 0.00000 0.01000 0.09200 0.04000 0.54400 0.29400
0.15000 0.01000 0.02000 0.15900 0.07000 0.17500 0.41600
0.06000 0.02000 0.04500 0.12800 0.04000 0.15500 0.55200
0.08000 0.02000 0.00000 0.52667 0.00000 0.16267 0.21067
0.05750 0.00000 0.01000 0.02250 0.04000 0.34000 0.53000
0.08071 0.02000 0.02000 0.02143 0.07000 0.14286 0.64500
0.10000 0.01000 0.00000 0.03800 0.09000 0.07200 0.69000
0.02000 0.00000 0.00000 0.02000 0.00000 0.00500 0.95500
0.19967 0.00000 0.04167 0.10333 0.03083 0.09417 0.53033
0.07000 0.00000 0.01000 0.05000 0.01000 0.45000 0.41000
0.06000 0.00000 0.01000 0.01000 0.00000 0.10000 0.82000
0.08500 0.01000 0.01000 0.04000 0.07000 0.23667 0.54833
0.04000 0.01000 0.01000 0.04091 0.08333 0.11091 0.70485
0.05000 0.01000 0.03000 0.04000 0.01000 0.44000 0.42000
0.08250 0.00000 0.06000 0.03000 0.04000 0.24750 0.54000
0.02000 0.00000 0.00000 0.59000 0.00000 0.33000 0.06000
0.16867 0.01000 0.00000 0.30420 0.00000 0.20294 0.31419
0.03000 0.00000 0.00000 0.77000 0.03000 0.03000 0.14000
0.05000 0.02000 0.01000 0.08190 0.04000 0.33810 0.46000
0.00500 0.00000 0.00000 0.72000 0.00000 0.05500 0.22000
0.19250 0.00000 0.05000 0.05833 0.04200 0.13717 0.52000
0.06000 0.01000 0.00500 0.10655 0.12000 0.24536 0.45310
0.02000 0.00000 0.01000 0.03000 0.02000 0.77000 0.15000
0.04000 0.02000 0.02000 0.05000 0.06000 0.15000 0.66000
0.00000 0.01000 0.03000 0.03000 0.01000 0.58000 0.34000
0.11667 0.00000 0.01000 0.08333 0.02000 0.24000 0.53000
0.07125 0.02000 0.05000 0.07375 0.15000 0.23500 0.40000
0.06176 0.02500 0.00000 0.25331 0.03000 0.27159 0.35833
0.09833 0.00000 0.01000 0.04111 0.06000 0.18972 0.60083
0.10600 0.01000 0.00000 0.09314 0.03000 0.32543 0.43543
0.19000 0.01000 0.03000 0.09600 0.09000 0.11000 0.47400
0.15000 0.02000 0.01000 0.11000 0.04000 0.19000 0.48000
0.07000 0.02000 0.01000 0.04000 0.02000 0.16000 0.68000
0.00000 0.00000 0.00000 0.00000 0.01000 0.02000 0.97000
0.02000 0.00000 0.01000 0.01000 0.07000 0.10000 0.79000
0.07000 0.00000 0.02000 0.03000 0.07000 0.15000 0.66000
0.02000 0.01000 0.02000 0.04333 0.06000 0.09867 0.74800
0.08000 0.01000 0.01000 0.09000 0.14000 0.11000 0.56000
0.00000 0.00000 0.00000 1.00000 0.00000 0.00000 0.00000
0.02000 0.00000 0.03000 0.02404 0.39745 0.05659 0.47192
0.06000 0.01000 0.00000 0.03500 0.03000 0.23250 0.63250
0.05000 0.03000 0.06000 0.04000 0.03000 0.09000 0.70000
0.03000 0.00000 0.01000 0.02000 0.07000 0.55000 0.32000
0.06000 0.01000 0.02000 0.06875 0.43000 0.09125 0.32000
0.08000 0.00000 0.03000 0.06000 0.10000 0.21000 0.52000
0.00233 0.00359 0.03000 0.03579 0.50568 0.09831 0.32430
0.03000 0.00000 0.01000 0.04000 0.14000 0.18000 0.60000
0.03000 0.00000 0.05000 0.04500 0.02000 0.13667 0.71833
0.25400 0.00000 0.01000 0.04867 0.02000 0.15133 0.51600
0.04286 0.00000 0.00000 0.02625 0.02000 0.64804 0.26286
0.04125 0.00000 0.00000 0.82875 0.00000 0.03000 0.10000
0.04000 0.03000 0.04000 0.03000 0.11000 0.21125 0.53875
0.09000 0.01000 0.04000 0.04350 0.19091 0.18364 0.44195
0.07000 0.01000 0.05000 0.03182 0.08000 0.20182 0.55636
0.14000 0.01000 0.00000 0.01000 0.02000 0.19000 0.63000
0.09000 0.01000 0.00000 0.03000 0.38000 0.15000 0.34000
0.16091 0.01000 0.02000 0.11545 0.01000 0.25424 0.42939
0.00000 0.00000 0.00000 0.00000 0.02000 0.02000 0.96000
0.10700 0.03000 0.01000 0.07000 0.08063 0.18863 0.51375
0.04000 0.02000 0.02000 0.06833 0.03000 0.17333 0.64833
0.10000 0.00000 0.02000 0.04000 0.10000 0.15000 0.59000
0.04000 0.00000 0.03000 0.04000 0.01000 0.12000 0.76000
0.01000 0.00000 0.03000 0.07000 0.07000 0.10000 0.72000
0.10000 0.01000 0.06000 0.02833 0.23000 0.13000 0.44167
0.00000 0.00000 0.02000 0.04000 0.00000 0.16000 0.78000
0.10000 0.00000 0.05000 0.01000 0.07000 0.10000 0.67000
0.06286 0.01000 0.06000 0.03429 0.05000 0.19643 0.58643
0.05000 0.00000 0.03000 0.01235 0.00000 0.60871 0.29894
0.15000 0.05000 0.01000 0.14000 0.07000 0.15000 0.43000
0.04000 0.00000 0.00000 0.02000 0.03000 0.04000 0.87000
0.02000 0.00000 0.04000 0.01000 0.09000 0.04000 0.80000
0.04000 0.00000 0.04000 0.05000 0.28000 0.14000 0.45000
0.15000 0.01000 0.03000 0.02000 0.06000 0.26667 0.46333
0.10000 0.01000 0.05000 0.02000 0.07000 0.26000 0.49000
0.10738 0.00000 0.00048 0.20408 0.01000 0.28786 0.39019
0.12000 0.01000 0.02000 0.09833 0.01000 0.17167 0.57000
0.00000 0.22874 0.00000 0.21747 0.00000 0.30472 0.24907
0.13000 0.02000 0.04000 0.08444 0.05000 0.17556 0.50000
0.00000 0.00000 0.03000 0.03000 0.00000 0.62000 0.32000
0.16143 0.00143 0.02000 0.14738 0.00000 0.25476 0.41500
0.04000 0.00000 0.00000 0.05000 0.03000 0.25000 0.63000
0.13500 0.01000 0.01000 0.07000 0.02000 0.14500 0.61000
0.00000 0.01000 0.01000 0.04000 0.01000 0.63000 0.30000
0.06000 0.02000 0.01000 0.01000 0.14000 0.23000 0.53000
0.15100 0.04000 0.03000 0.07267 0.05000 0.15250 0.50383
0.09154 0.01000 0.03000 0.07436 0.29000 0.12077 0.38333
0.73143 0.00000 0.01000 0.13408 0.00000 0.03172 0.09277
0.06000 0.00000 0.00000 0.03000 0.07000 0.14000 0.70000
0.10101 0.00000 0.00000 0.58444 0.00000 0.22437 0.09018
0.06000 0.01000 0.01000 0.06000 0.04000 0.20000 0.62000
0.04000 0.04000 0.00000 0.02000 0.01000 0.31000 0.58000
0.09627 0.00000 0.00000 0.62804 0.00000 0.17606 0.09963
0.00000 0.02000 0.01000 0.00000 0.00000 0.15000 0.82000
0.14500 0.00000 0.01000 0.02500 0.00000 0.69000 0.13000
0.03000 0.00000 0.02000 0.02000 0.02000 0.63000 0.28000
0.11000 0.01000 0.02000 0.05500 0.03000 0.17500 0.60000
0.11000 0.00000 0.01000 0.07667 0.05000 0.21333 0.54000
0.08667 0.01000 0.00000 0.12667 0.10000 0.31000 0.36667
0.04000 0.00000 0.03000 0.02000 0.06500 0.10000 0.74500
0.07000 0.01000 0.00000 0.14714 0.03000 0.26143 0.48143
0.00000 0.00000 0.00000 0.00000 0.02000 0.36000 0.62000
0.00000 0.00000 0.01000 0.07000 0.01000 0.65000 0.26000
0.01000 0.01000 0.01000 0.05000 0.05000 0.13000 0.74000
0.06000 0.02000 0.00000 0.02000 0.07000 0.17000 0.66000
0.11000 0.01000 0.00000 0.01000 0.06000 0.27000 0.54000
0.08000 0.02000 0.02000 0.04000 0.26000 0.07000 0.51000
0.09000 0.00000 0.02000 0.03553 0.06000 0.15671 0.63776
0.20000 0.03000 0.03000 0.07000 0.07833 0.16000 0.43167
0.00000 0.00000 0.00000 1.00000 0.00000 0.00000 0.00000
0.04000 0.01000 0.01000 0.03000 0.07000 0.25000 0.59000
0.05042 0.00000 0.06586 0.71122 0.00000 0.11340 0.05910
0.04250 0.00000 0.00000 0.07000 0.04000 0.12750 0.72000
0.05000 0.01000 0.02000 0.11000 0.06000 0.10000 0.65000
0.01667 0.00000 0.00000 0.05000 0.00000 0.72333 0.21000
0.15500 0.01000 0.01000 0.09667 0.07000 0.34111 0.31722
0.06667 0.00000 0.01000 0.05333 0.03000 0.22000 0.62000
0.03000 0.01000 0.01000 0.03000 0.09000 0.27250 0.55750
0.18151 0.00000 0.00000 0.32607 0.00000 0.17471 0.31771
0.14250 0.00000 0.00000 0.32893 0.01000 0.20071 0.31786
0.17869 0.02000 0.02000 0.05625 0.05000 0.17911 0.49595
0.00000 0.00000 0.00000 0.69608 0.00000 0.29392 0.01000
0.11600 0.05000 0.03000 0.07400 0.03000 0.18667 0.51333
0.08000 0.00000 0.01000 0.09000 0.03000 0.29000 0.50000
0.11333 0.00000 0.02000 0.01000 0.07000 0.11000 0.67667
0.04000 0.00000 0.00000 0.02000 0.01000 0.09000 0.84000
0.08000 0.01000 0.04000 0.06000 0.05000 0.21000 0.55000
0.03000 0.01000 0.02000 0.02500 0.19000 0.06458 0.66042
0.06000 0.01000 0.04000 0.01083 0.11000 0.17917 0.59000
0.03000 0.00000 0.02000 0.05500 0.34000 0.13500 0.42000
0.03000 0.01000 0.01000 0.03500 0.04000 0.15000 0.72500
0.14000 0.01000 0.01000 0.16381 0.00000 0.16750 0.50869
0.02000 0.00000 0.00000 0.00667 0.02000 0.05000 0.90333
0.08500 0.01000 0.01000 0.04000 0.02000 0.19000 0.64500
0.03333 0.02000 0.05000 0.13667 0.04000 0.34000 0.38000
0.07000 0.01000 0.00000 0.02000 0.08000 0.17000 0.65000
0.09056 0.00000 0.00000 0.03278 0.03000 0.23222 0.61444
0.02000 0.01000 0.01000 0.01000 0.13000 0.10667 0.71333
0.03000 0.01000 0.02000 0.03000 0.03000 0.13000 0.75000
0.16000 0.01000 0.01000 0.04000 0.03000 0.27000 0.48000
0.01000 0.00000 0.03000 0.02000 0.00000 0.36000 0.58000
0.04000 0.01000 0.02000 0.02000 0.16000 0.20333 0.54667
0.01000 0.00000 0.01000 0.04400 0.04000 0.17600 0.72000
0.12000 0.02000 0.03000 0.07000 0.01000 0.17000 0.58000
0.07000 0.02000 0.00000 0.05000 0.04000 0.21000 0.61000
0.03000 0.02000 0.02000 0.06483 0.07000 0.29379 0.50138
0.14583 0.01000 0.05000 0.04750 0.10000 0.13000 0.51667
0.04000 0.00000 0.02000 0.03667 0.02000 0.12333 0.76000
0.21000 0.02000 0.05000 0.03000 0.07000 0.09000 0.53000
0.08000 0.01000 0.01000 0.02250 0.10000 0.22250 0.55500
0.01000 0.00000 0.00000 0.01000 0.00000 0.04000 0.94000
0.00100 0.01000 0.01200 0.06000 0.01000 0.70100 0.20600
0.00000 0.00000 0.00000 0.15471 0.24009 0.24708 0.35811
0.12667 0.01000 0.02000 0.17761 0.06000 0.19391 0.41182
0.11000 0.01000 0.03000 0.06800 0.03000 0.12700 0.62500
0.04000 0.00000 0.07000 0.03000 0.18000 0.15500 0.52500
0.10000 0.00000 0.01000 0.02000 0.08000 0.26000 0.53000
0.02000 0.00000 0.53000 0.00000 0.02000 0.06000 0.37000
0.07000 0.00000 0.04000 0.10000 0.01000 0.18000 0.60000
0.18000 0.00000 0.02000 0.08750 0.03000 0.20250 0.48000
0.07375 0.01000 0.01000 0.09625 0.11000 0.20000 0.50000
0.02000 0.01000 0.00000 0.00000 0.02000 0.03000 0.92000
0.14000 0.01000 0.04000 0.11000 0.00000 0.25000 0.45000
0.03000 0.00000 0.04000 0.32000 0.04000 0.15000 0.42000
0.10000 0.01000 0.07000 0.11833 0.06000 0.34500 0.29667
0.08000 0.01000 0.01000 0.07909 0.01000 0.30091 0.51000
0.03000 0.01000 0.04000 0.03074 0.10791 0.19788 0.58347
0.08000 0.01000 0.03000 0.04000 0.12000 0.18000 0.54000
0.06000 0.00000 0.00000 0.03000 0.04000 0.22000 0.65000
0.09000 0.02000 0.01000 0.01000 0.02000 0.29667 0.55333
0.10000 0.00000 0.13000 0.04000 0.04000 0.14000 0.55000
0.07000 0.00000 0.01000 0.17255 0.02000 0.36745 0.36000
0.12176 0.02000 0.00000 0.09824 0.08000 0.18000 0.50000
0.01000 0.00000 0.01000 0.01000 0.01000 0.01600 0.94400
0.13000 0.02000 0.03000 0.08000 0.01000 0.35333 0.37667
0.06000 0.00000 0.01000 0.08250 0.03250 0.07083 0.74417
0.08000 0.01000 0.02000 0.10500 0.00000 0.21500 0.57000
0.03462 0.00000 0.02000 0.05273 0.03000 0.26461 0.59805
0.07000 0.02000 0.02000 0.03000 0.07000 0.24000 0.55000
0.12000 0.02000 0.00000 0.04000 0.03000 0.32000 0.47000
0.05000 0.00000 0.01000 0.03050 0.03150 0.07300 0.80500
0.16835 0.00000 0.00000 0.40701 0.00000 0.42464 0.00000
0.10000 0.02000 0.04000 0.02000 0.25000 0.05000 0.52000
0.03000 0.00000 0.01000 0.03000 0.03000 0.08250 0.81750
0.07500 0.02000 0.03000 0.02000 0.03000 0.13500 0.69000
0.05000 0.00000 0.01000 0.02000 0.31000 0.17000 0.44000
0.05000 0.01000 0.03000 0.02000 0.46000 0.07000 0.36000
0.03000 0.00000 0.01000 0.01000 0.01000 0.15333 0.78667
0.10000 0.01000 0.03000 0.02000 0.04000 0.18000 0.62000
