# Country Folk Indie Jazz Metal Pop Rock
0.00000 0.00000 0.00001 0.00000 0.00003 0.00004 0.99992
0.26687 0.00051 0.00000 0.56908 0.00007 0.11645 0.04702
0.09444 0.00006 0.00001 0.77616 0.00009 0.04904 0.08020
0.00384 0.00000 0.00000 0.98068 0.00000 0.01012 0.00537
0.00507 0.00000 0.00000 0.86165 0.00000 0.06572 0.06756
0.06919 0.00005 0.00003 0.75010 0.00005 0.12108 0.05950
0.00000 0.00000 0.00000 0.00008 0.00000 0.01136 0.98856
0.02450 0.00001 0.00000 0.90945 0.00001 0.04315 0.02288
0.00018 0.00000 0.00000 0.65365 0.00000 0.23897 0.10721
0.37420 0.00599 0.00176 0.03224 0.00062 0.27873 0.30646
0.00630 0.00000 0.00001 0.00002 0.00001 0.13877 0.85489
0.00016 0.00025 0.01740 0.00118 0.00018 0.79506 0.18577
0.00000 0.00000 0.00000 0.00000 0.00751 0.00214 0.99034
0.00000 0.00000 0.00000 0.00587 0.00009 0.03357 0.96046
0.00000 0.00000 0.00000 0.00000 1.00000 0.00000 0.00000
0.00000 0.00000 0.00000 0.00000 0.00000 0.00013 0.99987
0.34461 0.00005 0.00013 0.04148 0.00057 0.03923 0.57393
0.00923 0.00021 0.00000 0.00720 0.00964 0.05920 0.91453
0.13662 0.00293 0.00960 0.01559 0.00032 0.75497 0.07998
0.00052 0.00000 0.00000 0.03096 0.00005 0.00369 0.96479
0.00258 0.00099 0.18147 0.00310 0.00374 0.05958 0.74855
0.00000 0.00000 0.00000 0.00000 0.00000 0.20333 0.79667
0.01068 0.00000 0.00000 0.76842 0.00001 0.17754 0.04335
0.00000 0.00006 0.00000 0.00001 0.99281 0.00306 0.00406
0.00294 0.00000 0.00000 0.00346 0.00005 0.33604 0.65751
0.01019 0.00000 0.00000 0.00245 0.00002 0.93124 0.05609
0.24792 0.00000 0.00000 0.59935 0.00006 0.02318 0.12948
0.07947 0.00011 0.00006 0.79744 0.00003 0.06813 0.05475
0.00000 0.00000 0.00000 0.00000 0.00000 0.00000 1.00000
0.00000 0.00000 0.00009 0.00002 0.00414 0.00016 0.99559
0.00114 0.00008 0.00005 0.19499 0.00003 0.79830 0.00540
0.00519 0.10364 0.00476 0.00134 0.39505 0.23026 0.25978
0.06182 0.00013 0.00017 0.30531 0.00006 0.57689 0.05562
0.00027 0.00229 0.00069 0.00510 0.10481 0.48108 0.40575
0.00006 0.00000 0.00000 0.00006 0.00001 0.03396 0.96591
0.00000 0.00024 0.00001 0.00000 0.00660 0.00062 0.99252
0.01158 0.00015 0.00341 0.01453 0.00326 0.66200 0.30508
0.00001 0.00004 0.00159 0.00003 0.00079 0.15273 0.84481
0.00341 0.00000 0.00002 0.00033 0.00000 0.07981 0.91643
0.00000 0.00000 0.00000 0.00000 0.00000 0.00230 0.99769
0.00000 0.00000 0.00000 0.00000 0.96875 0.00026 0.03098
0.00001 0.00000 0.00013 0.00021 0.00001 0.00204 0.99760
0.03014 0.00050 0.00190 0.09685 0.00133 0.69732 0.17195
0.00723 0.00000 0.00000 0.89233 0.00000 0.07506 0.02537
0.00002 0.00000 0.00003 0.00002 0.00192 0.00516 0.99285
0.00045 0.00000 0.00000 0.74328 0.00000 0.09198 0.16429
0.00000 0.00000 0.00250 0.00007 0.00003 0.00353 0.99388
0.00001 0.00000 0.00000 0.00000 0.00000 0.04272 0.95727
0.00000 0.00000 0.00000 0.00000 0.00000 0.00072 0.99927
0.00027 0.00002 0.00023 0.00050 0.00530 0.01868 0.97500
0.05594 0.00002 0.00000 0.11828 0.00002 0.61725 0.20849
0.01512 0.00000 0.00000 0.79301 0.00000 0.16867 0.02321
0.00128 0.00001 0.00126 0.00377 0.00034 0.05590 0.93744
0.00002 0.00000 0.00000 0.00001 0.00000 0.98381 0.01616
0.23025 0.00025 0.00006 0.35823 0.00005 0.36740 0.04377
0.00000 0.00000 0.00000 0.00000 0.79172 0.00001 0.20827
0.00001 0.00000 0.00086 0.00000 0.00006 0.00485 0.99422
0.00086 0.00000 0.00000 0.00068 0.00004 0.69415 0.30427
0.04174 0.00000 0.00158 0.00002 0.00000 0.22669 0.72998
0.00148 0.03155 0.00008 0.00077 0.00321 0.51104 0.45187
0.00535 0.00000 0.00018 0.05625 0.00024 0.57441 0.36357
0.02761 0.00046 0.00057 0.03079 0.07962 0.04257 0.81839
0.00064 0.00357 0.02073 0.00028 0.88044 0.00739 0.08695
0.00001 0.00000 0.00009 0.00003 0.00006 0.14249 0.85731
0.00908 0.00000 0.00000 0.43741 0.00001 0.01198 0.54153
0.00052 0.00024 0.00060 0.09238 0.00013 0.84778 0.05835
0.00000 0.00000 0.00000 0.00000 0.00007 0.00050 0.99943
0.00205 0.00000 0.00000 0.92756 0.00000 0.06390 0.00649
0.00000 0.00000 0.00000 0.00000 0.00000 0.99995 0.00005
0.01671 0.00012 0.00006 0.76077 0.00000 0.21329 0.00905
0.00022 0.00001 0.00010 0.01165 0.00464 0.86009 0.12328
0.00001 0.00008 0.03004 0.00000 0.01579 0.00028 0.95381
0.00001 0.00000 0.00031 0.00002 0.00002 0.00189 0.99775
0.00000 0.00000 0.00000 0.00000 0.00000 0.00000 1.00000
0.00009 0.00083 0.00100 0.00007 0.08668 0.00952 0.90181
0.06392 0.00117 0.00059 0.43315 0.00059 0.41011 0.09047
0.80421 0.00099 0.00003 0.00204 0.00008 0.13239 0.06025
0.00076 0.00028 0.00012 0.00402 0.00009 0.97159 0.02313
0.00000 0.00001 0.00000 0.00003 0.91987 0.00297 0.07712
0.00000 0.00002 0.00004 0.00189 0.32785 0.22098 0.44921
0.00074 0.00000 0.00001 0.00003 0.00000 0.13882 0.86041
0.00001 0.00000 0.00000 0.03841 0.00000 0.13044 0.83114
0.00002 0.00007 0.00683 0.03033 0.00000 0.92877 0.03399
0.00000 0.00000 0.00000 0.00000 0.00627 0.00643 0.98730
0.00058 0.00000 0.00000 0.00078 0.00001 0.00003 0.99861
0.00000 0.00000 0.00000 0.00000 0.00000 0.00000 0.99999
0.00000 0.00000 0.00000 0.00000 0.00000 0.00027 0.99973
0.00035 0.00014 0.00137 0.00008 0.02433 0.01364 0.96009
0.01447 0.00008 0.00002 0.72748 0.00020 0.06006 0.19769
0.01551 0.00000 0.00002 0.00276 0.00027 0.03033 0.95111
0.01910 0.01498 0.02385 0.09926 0.15146 0.17226 0.51908
0.00000 0.00000 0.00000 0.00000 0.00001 0.33303 0.66696
0.00002 0.01729 0.00002 0.00981 0.00000 0.97214 0.00071
0.47344 0.01255 0.00923 0.21987 0.00682 0.19251 0.08559
0.00100 0.00000 0.00000 0.99507 0.00000 0.00179 0.00214
0.00000 0.00000 0.00000 0.00000 0.98733 0.00001 0.01266
0.02191 0.00002 0.00001 0.83733 0.00001 0.11876 0.02197
0.00069 0.00000 0.00003 0.00010 0.00219 0.37083 0.62616
0.00004 0.00000 0.00000 0.00105 0.00000 0.87088 0.12802
0.00042 0.00000 0.00000 0.02242 0.00000 0.04179 0.93537
0.00000 0.00000 0.00000 0.00000 0.00000 0.00011 0.99988
0.01022 0.00007 0.00011 0.63900 0.00003 0.21652 0.13405
0.00008 0.00031 0.00202 0.00482 0.00212 0.27586 0.71480
0.00000 0.00000 0.00000 0.00000 0.00000 0.99999 0.00001
0.00001 0.00001 0.00012 0.00006 0.00001 0.97345 0.02634
0.00018 0.00000 0.00000 0.03191 0.00019 0.96524 0.00248
0.00046 0.00002 0.02640 0.00003 0.00521 0.21385 0.75405
0.00478 0.00000 0.00001 0.00543 0.00010 0.72383 0.26585
0.04500 0.00201 0.00419 0.00737 0.01244 0.12039 0.80860
0.00000 0.00000 0.00000 0.00000 0.00000 0.00058 0.99942
0.00055 0.00000 0.00099 0.00040 0.00003 0.00469 0.99334
0.00002 0.00000 0.00003 0.02655 0.00001 0.00037 0.97301
0.00005 0.00004 0.00095 0.00030 0.33955 0.62617 0.03294
0.00000 0.00000 0.00001 0.00000 0.00004 0.02371 0.97625
0.01967 0.00023 0.00366 0.00024 0.00548 0.07212 0.89861
0.00032 0.00000 0.00001 0.00151 0.00000 0.00003 0.99813
0.00000 0.00000 0.00000 0.00000 0.00767 0.39378 0.59855
0.00000 0.00000 0.00530 0.00000 0.00051 0.00006 0.99413
0.00000 0.00000 0.00000 0.00000 0.00000 0.00028 0.99972
0.00115 0.07167 0.00171 0.01611 0.00008 0.88207 0.02723
0.00155 0.00000 0.00044 0.00076 0.00035 0.00657 0.99033
0.00001 0.00017 0.00000 0.00313 0.00000 0.99631 0.00037
0.00006 0.00000 0.00005 0.00000 0.00000 0.00501 0.99487
0.00000 0.00000 0.00000 0.00000 0.00000 0.05838 0.94162
0.00618 0.00000 0.00000 0.67062 0.00000 0.01090 0.31229
0.01141 0.00000 0.00000 0.01248 0.00000 0.00367 0.97244
0.00030 0.00000 0.00000 0.09119 0.00001 0.74546 0.16305
0.05016 0.00000 0.00010 0.05772 0.00009 0.40405 0.48787
0.01145 0.00478 0.00112 0.16575 0.00013 0.71800 0.09875
0.06706 0.00006 0.00030 0.14167 0.00005 0.68419 0.10667
0.00000 0.00000 0.00000 0.00000 0.00000 0.00001 0.99999
0.90506 0.00007 0.00003 0.00847 0.00000 0.06235 0.02401
0.00872 0.00026 0.00538 0.01255 0.05760 0.02535 0.89014
0.00031 0.00000 0.00000 0.00251 0.00001 0.96213 0.03504
0.00000 0.00000 0.00000 0.00000 0.50649 0.00001 0.49350
0.26029 0.00047 0.00015 0.53379 0.00007 0.13268 0.07255
0.00000 0.00000 0.00012 0.00002 0.00001 0.00155 0.99830
0.03047 0.00012 0.00002 0.75738 0.00003 0.19477 0.01720
0.01568 0.00002 0.00216 0.00152 0.00751 0.04242 0.93070
0.00049 0.00000 0.00002 0.00000 0.00000 0.00030 0.99919
0.00000 0.00000 0.00118 0.00032 0.02463 0.00124 0.97261
0.00065 0.00020 0.00015 0.00087 0.00098 0.40931 0.58784
0.00004 0.00000 0.00002 0.00004 0.00004 0.00028 0.99958
0.01292 0.00000 0.00000 0.27117 0.00000 0.63474 0.08117
0.00034 0.00000 0.00000 0.95280 0.00000 0.03063 0.01623
0.00000 0.00000 0.00000 0.00003 0.00005 0.99990 0.00002
0.00000 0.00000 0.00003 0.00002 0.49546 0.00100 0.50348
0.00001 0.00002 0.00336 0.00007 0.01843 0.00109 0.97702
0.00000 0.00000 0.00000 0.00000 0.00000 1.00000 0.00000
0.37740 0.00000 0.00000 0.00020 0.00016 0.05858 0.56367
0.00091 0.00017 0.00001 0.00036 0.00209 0.95454 0.04193
0.00014 0.00001 0.01730 0.00030 0.00054 0.57534 0.40637
0.00000 0.00002 0.00032 0.00001 0.01492 0.00622 0.97850
0.00001 0.00030 0.00506 0.00002 0.01004 0.17894 0.80564
0.00002 0.00000 0.00000 0.00002 0.00013 0.01227 0.98756
0.00001 0.00000 0.00002 0.00018 0.00000 0.03659 0.96320
0.00068 0.00000 0.00000 0.00007 0.00000 0.00008 0.99916
0.06147 0.00003 0.00066 0.00005 0.00007 0.49514 0.44259
0.00013 0.00000 0.00000 0.00028 0.00000 0.00481 0.99478
0.00001 0.00001 0.00261 0.00054 0.00064 0.00011 0.99608
0.03875 0.00001 0.00000 0.94891 0.00000 0.00819 0.00413
0.00056 0.00000 0.00013 0.07828 0.00018 0.02368 0.89717
0.00000 0.00000 0.00000 0.00000 0.00001 0.00038 0.99961
0.00024 0.00000 0.00002 0.00002 0.00000 0.14418 0.85554
0.00000 0.00000 0.00124 0.00004 0.00012 0.00358 0.99503
0.09631 0.00472 0.00232 0.05838 0.00851 0.67581 0.15394
0.00008 0.00000 0.00000 0.00005 0.00033 0.02398 0.97556
0.02573 0.00000 0.00000 0.00409 0.00000 0.96290 0.00728
0.01272 0.00005 0.00004 0.00883 0.00384 0.02646 0.94807
0.01009 0.00000 0.00048 0.00032 0.00023 0.26954 0.71934
0.00000 0.00000 0.00000 0.00000 0.00000 0.99990 0.00010
0.00011 0.00005 0.00430 0.04139 0.00003 0.03420 0.91991
0.00000 0.00000 0.00000 0.99601 0.00000 0.00395 0.00003
0.00000 0.00000 0.00001 0.00001 0.00000 0.96991 0.03006
0.00000 0.00123 0.00003 0.00218 0.08476 0.01587 0.89592
0.00000 0.00000 0.00000 0.00000 0.00173 0.61760 0.38066
0.00623 0.00000 0.00000 0.89497 0.00000 0.07428 0.02452
0.08923 0.00228 0.00100 0.06962 0.00003 0.75110 0.08675
0.00185 0.00000 0.00000 0.08125 0.00001 0.00130 0.91558
0.00236 0.00000 0.00112 0.00086 0.00005 0.02150 0.97410
0.00141 0.00000 0.04744 0.00004 0.00020 0.00197 0.94894
0.00247 0.00022 0.21428 0.00262 0.00096 0.19062 0.58884
0.02685 0.00003 0.00003 0.52938 0.00001 0.38861 0.05510
0.00006 0.00008 0.00020 0.00084 0.00021 0.98396 0.01466
0.00862 0.00000 0.00000 0.00582 0.00008 0.00925 0.97623
0.00000 0.00000 0.00000 0.00000 0.00000 0.00000 1.00000
0.11674 0.01089 0.00449 0.17748 0.00075 0.63060 0.05906
0.00258 0.06704 0.01589 0.00058 0.01021 0.04413 0.85957
0.01815 0.06978 0.13581 0.01012 0.02087 0.20179 0.54349
0.00000 0.00000 0.00002 0.00000 0.00018 0.00000 0.99980
0.05340 0.00324 0.01778 0.39210 0.00191 0.20906 0.32251
0.08624 0.00001 0.00004 0.48679 0.00001 0.23442 0.19249
0.00340 0.00000 0.00000 0.00967 0.00024 0.05039 0.93629
0.00000 0.00000 0.00000 0.00020 0.00000 0.99918 0.00062
0.00000 0.00000 0.00001 0.00001 0.00000 0.00057 0.99942
0.00000 0.00000 0.00000 0.00000 0.00000 1.00000 0.00000
0.05344 0.00000 0.00000 0.14402 0.00000 0.03597 0.76657
0.00002 0.00000 0.00000 0.00017 0.00001 0.24406 0.75574
0.00000 0.00000 0.00000 0.00000 0.00000 0.99716 0.00283
0.00265 0.00000 0.00000 0.88120 0.00000 0.11244 0.00371
0.00000 0.00000 0.00000 0.00000 0.00433 0.87724 0.11843
0.00001 0.00000 0.00008 0.00002 0.00066 0.00573 0.99351
0.00000 0.00000 0.00000 0.00000 0.00000 0.00016 0.99984
0.03608 0.00001 0.00000 0.89230 0.00001 0.05235 0.01925
0.00002 0.00000 0.00000 0.00001 0.00092 0.78613 0.21292
0.00001 0.00000 0.00000 0.00000 0.00000 0.00027 0.99972
0.03486 0.00011 0.00001 0.90283 0.00000 0.05138 0.01080
0.04147 0.00001 0.00000 0.82526 0.00000 0.12601 0.00725
0.04358 0.00083 0.00353 0.61375 0.00002 0.25892 0.07937
0.00000 0.00000 0.00000 0.00000 0.00000 0.02880 0.97120
0.06184 0.00269 0.00153 0.50276 0.00046 0.35606 0.07466
0.01691 0.00000 0.00000 0.92531 0.00000 0.04315 0.01462
0.00000 0.00000 0.00000 0.00000 0.00001 0.00113 0.99886
0.00292 0.00000 0.00003 0.03254 0.00068 0.94319 0.02063
0.00000 0.00000 0.00000 0.00000 0.00000 0.02283 0.97717
0.01329 0.00017 0.00109 0.03226 0.00181 0.75228 0.19910
0.00230 0.00000 0.00000 0.00584 0.00000 0.08075 0.91112
0.00041 0.00009 0.00015 0.00039 0.00045 0.84057 0.15795
0.00063 0.00000 0.00012 0.00053 0.00297 0.00387 0.99187
0.24362 0.00016 0.00048 0.25131 0.00001 0.41916 0.08526
0.00109 0.00006 0.00007 0.01244 0.00001 0.97318 0.01316
0.00000 0.00000 0.00000 0.00000 0.00000 0.00004 0.99996
0.00079 0.00108 0.00361 0.00886 0.11737 0.07350 0.79479
0.54122 0.00000 0.00000 0.00177 0.00001 0.00197 0.45504
0.00000 0.00000 0.00000 0.00000 0.00000 0.99993 0.00007
0.00000 0.00000 0.00000 0.00000 0.00182 0.00000 0.99818
0.00107 0.00000 0.00000 0.02734 0.00011 0.07984 0.89163
0.00000 0.00000 0.00000 0.00000 0.00000 0.00000 0.99999
0.74352 0.01789 0.00002 0.00809 0.00002 0.19824 0.03222
0.00000 0.00000 0.00000 0.00000 0.00000 0.00000 1.00000
0.16374 0.00128 0.00122 0.49306 0.00016 0.27339 0.06715
0.00139 0.00000 0.00000 0.86205 0.00001 0.11239 0.02416
0.03031 0.00000 0.00000 0.87347 0.00000 0.05289 0.04333
0.00006 0.00031 0.42274 0.00003 0.00100 0.01730 0.55857
0.00000 0.00004 0.01411 0.00001 0.00002 0.00027 0.98555
0.08016 0.00085 0.00546 0.01959 0.00108 0.38821 0.50465
0.01500 0.00110 0.00171 0.12194 0.00021 0.83062 0.02942
0.00000 0.00000 0.00000 0.00000 0.00000 0.00727 0.99272
0.00483 0.00156 0.00005 0.04962 0.00000 0.93649 0.00745
0.00001 0.00000 0.00001 0.00001 0.00003 0.00038 0.99956
0.00000 0.00000 0.00000 0.00000 0.00000 0.00013 0.99987
0.03542 0.00002 0.00002 0.67627 0.00000 0.25794 0.03032
0.00000 0.00000 0.00000 0.00000 0.00000 0.00020 0.99980
0.00116 0.00000 0.00008 0.01940 0.00005 0.11927 0.86004
0.00349 0.00005 0.00003 0.00237 0.01204 0.93418 0.04784
0.00000 0.00000 0.00000 0.00001 0.00000 0.99995 0.00004
0.00001 0.00000 0.00346 0.00000 0.00303 0.00257 0.99091
0.00005 0.00003 0.00000 0.00028 0.96198 0.01428 0.02337
0.00028 0.00642 0.00574 0.00254 0.04494 0.73986 0.20024
0.00000 0.00000 0.00000 0.00001 0.00130 0.00000 0.99869
0.00018 0.00998 0.64584 0.00008 0.01063 0.01731 0.31599
0.00412 0.00000 0.00002 0.00704 0.00010 0.00490 0.98382
0.00326 0.00000 0.00035 0.03265 0.00025 0.86098 0.10251
0.00017 0.00012 0.00065 0.03553 0.00501 0.91882 0.03970
0.00047 0.00017 0.00289 0.00364 0.00062 0.01639 0.97582
0.00190 0.00000 0.00003 0.00049 0.00006 0.55112 0.44640
0.00000 0.00000 0.00017 0.00000 0.00000 0.00106 0.99877
0.00000 0.00000 0.00000 0.00000 0.00000 0.00228 0.99772
0.00000 0.00000 0.00000 0.00060 0.00000 0.25652 0.74288
0.06824 0.00015 0.00018 0.54805 0.00006 0.30671 0.07661
0.00000 0.00000 0.00000 0.00010 0.48865 0.00014 0.51111
0.00000 0.00004 0.00000 0.00004 0.94990 0.00187 0.04815
0.00000 0.00005 0.00000 0.00061 0.00000 0.99924 0.00010
0.00041 0.00000 0.00000 0.98780 0.00000 0.00246 0.00934
0.00161 0.00000 0.00000 0.00034 0.00000 0.00713 0.99091
0.00015 0.00000 0.00003 0.00005 0.00001 0.77195 0.22780
0.00693 0.00000 0.00000 0.86075 0.00000 0.10745 0.02487
0.14249 0.00176 0.00044 0.43559 0.00197 0.30779 0.10996
0.04235 0.00535 0.00393 0.25596 0.00068 0.58347 0.10826
0.00182 0.00000 0.00000 0.15670 0.00003 0.65487 0.18657
0.06705 0.00001 0.00000 0.79825 0.00001 0.07359 0.06110
0.00001 0.00003 0.21595 0.00002 0.00044 0.09269 0.69085
0.00375 0.00000 0.00000 0.95282 0.00001 0.02568 0.01774
0.04622 0.00000 0.00000 0.00048 0.00000 0.73316 0.22014
0.00000 0.00000 0.00000 0.00002 0.00000 0.99958 0.00039
0.84195 0.00013 0.00001 0.01496 0.00011 0.03779 0.10504
0.02025 0.00000 0.00000 0.00412 0.00002 0.02351 0.95209
0.12939 0.00062 0.00011 0.71027 0.00068 0.07393 0.08499
0.00000 0.00000 0.00000 0.00000 0.00000 0.00000 1.00000
0.00782 0.00000 0.00000 0.00261 0.00004 0.86384 0.12569
0.00003 0.00000 0.00002 0.00002 0.00003 0.25705 0.74286
0.00000 0.00000 0.00000 0.00003 0.00000 0.00005 0.99993
0.00000 0.00000 0.00000 0.00000 0.00329 0.00019 0.99651
0.00542 0.00000 0.00000 0.00805 0.00004 0.02114 0.96535
0.02680 0.00001 0.00042 0.00231 0.00019 0.60945 0.36083
0.00000 0.00000 0.00000 0.00002 0.00000 0.95340 0.04658
0.73135 0.00001 0.00000 0.00025 0.00008 0.01071 0.25760
0.64279 0.00000 0.00000 0.00522 0.00001 0.06104 0.29095
0.00000 0.00000 0.00008 0.00001 0.71835 0.00002 0.28154
0.00141 0.06853 0.02444 0.00197 0.55982 0.11384 0.22998
0.00000 0.00000 0.00000 0.00006 0.00000 0.01538 0.98457
0.00000 0.00000 0.00000 0.00000 0.00000 0.00013 0.99986
0.00206 0.00121 0.00032 0.00014 0.00313 0.28811 0.70502
0.00209 0.00000 0.00001 0.01086 0.00145 0.96652 0.01906
0.00483 0.00685 0.01167 0.05296 0.00062 0.07476 0.84830
0.20090 0.00070 0.00029 0.30947 0.00051 0.29716 0.19097
0.00001 0.00010 0.01512 0.00029 0.00317 0.01698 0.96434
0.02470 0.00043 0.00578 0.03920 0.03564 0.19429 0.69996
0.00004 0.00000 0.00010 0.00003 0.00000 0.23691 0.76292
0.00185 0.00000 0.00002 0.00179 0.00000 0.01928 0.97707
0.00003 0.00000 0.00002 0.00003 0.00001 0.00092 0.99899
0.87301 0.00085 0.00002 0.00954 0.00007 0.03098 0.08553
0.00053 0.00000 0.00003 0.00010 0.00001 0.00178 0.99756
0.44056 0.00000 0.00001 0.00527 0.00004 0.02184 0.53227
0.00027 0.00000 0.00000 0.97864 0.00000 0.00394 0.01715
0.00004 0.00595 0.08016 0.00026 0.02720 0.01985 0.86656
0.00109 0.00070 0.64792 0.00015 0.00015 0.20590 0.14409
0.00002 0.00006 0.00273 0.00028 0.00233 0.03997 0.95461
0.00051 0.00001 0.00000 0.00001 0.00049 0.00892 0.99006
0.00000 0.00000 0.00000 0.00000 0.00000 0.00009 0.99991
0.00000 0.00000 0.00000 0.00000 0.98140 0.00031 0.01829
0.00000 0.00000 0.00000 0.00000 1.00000 0.00000 0.00000
0.15917 0.00072 0.00034 0.60266 0.00035 0.18587 0.05090
0.00000 0.00000 0.00000 0.00000 0.00000 0.00012 0.99987
0.00001 0.00000 0.00006 0.00002 0.00054 0.03305 0.96632
0.00019 0.00000 0.00010 0.01192 0.00001 0.06014 0.92764
0.03579 0.00156 0.00133 0.53001 0.00067 0.34653 0.08411
0.14988 0.00002 0.00000 0.00019 0.00000 0.73011 0.11980
0.00052 0.00012 0.00114 0.00079 0.16976 0.09245 0.73522
0.00000 0.00000 0.01569 0.00000 0.01223 0.00174 0.97033
0.00019 0.00000 0.00000 0.00164 0.00000 0.20345 0.79472
0.00002 0.00000 0.00001 0.00003 0.00000 0.12387 0.87607
0.02023 0.00008 0.00000 0.85837 0.00000 0.10858 0.01274
0.00009 0.00530 0.02152 0.00005 0.12441 0.14393 0.70471
0.00000 0.00000 0.00012 0.00000 0.00003 0.03767 0.96218
0.28703 0.03160 0.11173 0.02519 0.00461 0.39844 0.14139
0.00077 0.00000 0.00000 0.95042 0.00000 0.04365 0.00516
0.07422 0.00041 0.00027 0.60274 0.00035 0.23042 0.09159
0.00007 0.00111 0.00120 0.00210 0.19111 0.27563 0.52878
0.29219 0.00008 0.00848 0.00845 0.00007 0.23839 0.45233
0.00000 0.00000 0.00000 0.00000 0.00001 0.00102 0.99897
0.02537 0.00001 0.00000 0.79524 0.00001 0.13673 0.04264
0.45475 0.00000 0.00000 0.00048 0.00000 0.54269 0.00208
0.00315 0.00000 0.00000 0.92833 0.00000 0.05748 0.01104
0.35604 0.02256 0.00068 0.00513 0.03265 0.01690 0.56604
0.00000 0.00000 0.00000 0.00000 0.00000 0.99983 0.00017
0.34394 0.04370 0.00113 0.34784 0.00055 0.20355 0.05928
0.00000 0.00000 0.00000 0.00000 0.35240 0.13258 0.51502
0.00000 0.00000 0.00057 0.00000 0.00687 0.00025 0.99232
0.01787 0.00006 0.00003 0.04319 0.00078 0.60290 0.33518
0.03969 0.02764 0.00089 0.21849 0.00055 0.68230 0.03044
0.54842 0.00000 0.00000 0.28123 0.00000 0.01909 0.15126
0.09546 0.00000 0.00000 0.21243 0.00001 0.04550 0.64660
0.42663 0.00106 0.00027 0.29230 0.00047 0.11609 0.16318
0.07051 0.00076 0.00217 0.03543 0.00889 0.18071 0.70155
0.00000 0.00002 0.00000 0.00000 0.99520 0.00350 0.00129
0.00363 0.00000 0.00000 0.96948 0.00000 0.00625 0.02064
0.27703 0.00002 0.00000 0.41646 0.00000 0.23534 0.07114
0.00000 0.00000 0.00001 0.00000 0.00000 0.00014 0.99985
0.00001 0.00000 0.00000 0.00001 0.00000 0.73233 0.26764
0.00000 0.00000 0.00000 0.00003 0.00003 0.00005 0.99989
0.00002 0.00001 0.00000 0.00021 0.00012 0.99563 0.00402
0.00400 0.00004 0.00033 0.04960 0.03407 0.24900 0.66296
0.01066 0.00001 0.00000 0.00045 0.00085 0.43729 0.55075
0.00000 0.00000 0.00005 0.00000 0.00027 0.00008 0.99959
0.00000 0.00000 0.00000 0.00000 0.00000 0.00005 0.99995
0.06158 0.13821 0.03059 0.25004 0.00274 0.40024 0.11659
0.00002 0.00003 0.02028 0.00044 0.01625 0.02205 0.94093
0.01463 0.01263 0.00538 0.01891 0.01847 0.45678 0.47321
0.00000 0.00000 0.00000 0.00000 0.00000 0.99988 0.00012
0.32689 0.05047 0.04256 0.14893 0.04972 0.13753 0.24392
0.81327 0.00003 0.00002 0.01740 0.00000 0.01855 0.15072
0.04400 0.41119 0.00129 0.00736 0.00083 0.50674 0.02859
0.00233 0.00000 0.00000 0.97050 0.00000 0.01453 0.01264
0.18463 0.00000 0.00000 0.16230 0.00001 0.03716 0.61589
0.00317 0.00026 0.00016 0.04004 0.00084 0.84267 0.11287
0.00002 0.00000 0.00001 0.00001 0.00000 0.00318 0.99678
0.00218 0.00000 0.00002 0.32658 0.00006 0.01425 0.65691
0.00018 0.00000 0.00009 0.00455 0.00002 0.19771 0.79745
0.00520 0.00003 0.00002 0.00057 0.00002 0.95749 0.03667
0.00000 0.00000 0.00000 0.00032 0.00000 0.00285 0.99683
0.00009 0.00001 0.00013 0.00004 0.00017 0.68187 0.31769
0.00000 0.00000 0.00000 0.00000 0.00008 0.00000 0.99991
0.00005 0.00000 0.00012 0.00129 0.00001 0.00330 0.99524
0.16495 0.00003 0.00005 0.01026 0.00006 0.45219 0.37247
0.00559 0.00012 0.00189 0.06771 0.00001 0.81728 0.10739
0.19794 0.00000 0.00000 0.00001 0.00000 0.00003 0.80202
0.01220 0.00008 0.00953 0.01386 0.00058 0.00509 0.95866
0.00022 0.00261 0.03275 0.00210 0.00059 0.55611 0.40562
0.00000 0.00000 0.00001 0.03512 0.00007 0.90476 0.06003
0.96524 0.00016 0.00000 0.00085 0.00008 0.02483 0.00883
0.00000 0.00001 0.00000 0.00020 0.94732 0.00040 0.05207
0.00000 0.00000 0.00001 0.00006 0.00006 0.00052 0.99935
0.00000 0.00000 0.00000 0.00000 0.00000 0.00012 0.99988
0.00000 0.00000 0.00000 0.00000 0.00000 0.99843 0.00156
0.00187 0.00046 0.19007 0.00013 0.00035 0.08100 0.72613
0.00006 0.00000 0.00000 0.00016 0.00003 0.99948 0.00026
0.00000 0.00000 0.00000 0.00003 0.00038 0.06329 0.93629
0.00483 0.03560 0.32655 0.01535 0.00202 0.46690 0.14875
0.00352 0.00000 0.00000 0.96789 0.00000 0.01692 0.01168
0.89550 0.00000 0.00000 0.01937 0.00000 0.04561 0.03953
0.00014 0.00001 0.00014 0.00063 0.00401 0.63166 0.36342
0.01759 0.02024 0.00067 0.01406 0.00025 0.86895 0.07823
0.00005 0.00002 0.39175 0.00023 0.00049 0.05816 0.54930
0.00018 0.00000 0.00001 0.00073 0.00000 0.00739 0.99170
0.00000 0.00000 0.00000 0.00000 0.00003 0.00441 0.99556
0.00015 0.00000 0.00301 0.00161 0.00001 0.14251 0.85272
0.00000 0.00000 0.00000 0.00000 0.00000 0.00055 0.99945
0.00105 0.00000 0.00000 0.00003 0.00000 0.97945 0.01946
0.00194 0.00000 0.00000 0.02270 0.00000 0.64352 0.33184
0.00000 0.00000 0.00000 0.00000 0.00000 0.99892 0.00108
0.00002 0.00000 0.00000 0.00012 0.00000 0.76279 0.23706
0.00000 0.00000 0.00001 0.00004 0.17446 0.00218 0.82331
0.00000 0.00000 0.00000 0.00000 0.00000 0.00009 0.99990
0.79789 0.00010 0.00001 0.07979 0.00000 0.10936 0.01285
0.80140 0.00000 0.00014 0.01939 0.00019 0.07459 0.10428
0.00000 0.00000 0.00001 0.00001 0.02120 0.97639 0.00238
0.00020 0.00000 0.00001 0.11874 0.00007 0.00391 0.87708
0.00578 0.00000 0.00107 0.00113 0.00025 0.00779 0.98396
0.00000 0.00000 0.00000 0.00000 0.00002 0.00071 0.99927
0.00000 0.00000 0.00000 0.00000 0.99996 0.00001 0.00003
0.00000 0.00000 0.00000 0.99520 0.00000 0.00479 0.00001
0.00000 0.00000 0.00000 0.00000 0.98682 0.00000 0.01318
0.00001 0.00000 0.00000 0.00004 0.00000 0.99904 0.00092
0.00000 0.00000 0.00000 0.00014 0.00001 0.00116 0.99869
0.00022 0.00002 0.00378 0.00004 0.00033 0.00579 0.98983
0.00000 0.00000 0.00000 0.00000 0.00000 0.04356 0.95643
0.00000 0.00000 0.00000 0.00014 0.00000 0.00037 0.99949
0.01910 0.01498 0.02385 0.09926 0.15146 0.17226 0.51908
0.00002 0.00000 0.00001 0.00001 0.00007 0.78506 0.21483
0.01166 0.00000 0.00020 0.00080 0.00081 0.01420 0.97232
0.00001 0.00000 0.00000 0.00000 0.00000 0.99976 0.00023
0.48197 0.00222 0.00679 0.00479 0.00045 0.08817 0.41561
0.00108 0.00017 0.00007 0.00427 0.00694 0.02032 0.96715
0.00000 0.00000 0.00000 0.00015 0.00000 0.99704 0.00280
0.00072 0.00000 0.00000 0.00711 0.00001 0.28083 0.71133
0.13705 0.00026 0.00002 0.65177 0.00026 0.13022 0.08042
0.00000 0.00104 0.06168 0.01102 0.00009 0.43183 0.49434
0.00901 0.00036 0.00010 0.63689 0.00000 0.33470 0.01894
0.01501 0.00001 0.00017 0.08006 0.00128 0.26982 0.63365
0.00017 0.00000 0.00000 0.00191 0.00000 0.58969 0.40823
0.01590 0.00000 0.00014 0.04358 0.00005 0.20639 0.73395
0.04786 0.06669 0.05698 0.40424 0.09072 0.28131 0.05219
0.83799 0.00000 0.00001 0.00364 0.00000 0.02990 0.12846
0.04181 0.00003 0.00069 0.00824 0.00002 0.03165 0.91756
0.00000 0.00000 0.00001 0.00000 0.00104 0.00004 0.99891
0.00120 0.00000 0.00023 0.01673 0.00000 0.05061 0.93123
0.04044 0.00921 0.00188 0.05525 0.00049 0.76911 0.12363
0.00000 0.00000 0.00001 0.00035 0.00000 0.02523 0.97440
0.00332 0.00009 0.00004 0.65799 0.00001 0.31350 0.02506
0.06273 0.00067 0.00015 0.53523 0.00007 0.37520 0.02596
0.00002 0.00000 0.00000 0.00105 0.00204 0.99643 0.00047
0.00017 0.00000 0.00000 0.00098 0.00002 0.37636 0.62247
0.00290 0.00000 0.00000 0.98007 0.00000 0.01284 0.00418
0.00009 0.00000 0.00000 0.00580 0.00001 0.06312 0.93098
0.01784 0.01736 0.02731 0.08921 0.17340 0.16925 0.50562
0.00027 0.00000 0.00000 0.98996 0.00000 0.00912 0.00065
0.01442 0.00002 0.00001 0.63247 0.00070 0.19395 0.15842
0.03702 0.01357 0.01333 0.18277 0.02504 0.20607 0.52220
0.99432 0.00000 0.00000 0.00004 0.00000 0.00078 0.00486
0.00354 0.00056 0.00180 0.00221 0.12670 0.57238 0.29279
0.00001 0.00018 0.78147 0.00005 0.03290 0.00043 0.18497
0.00003 0.00000 0.00001 0.00000 0.00056 0.66851 0.33089
0.00000 0.00000 0.00000 0.00000 0.99940 0.00002 0.00058
0.02637 0.00051 0.00177 0.03401 0.00397 0.17944 0.75394
0.00056 0.00000 0.00000 0.00110 0.00001 0.00174 0.99659
0.00000 0.00000 0.00000 0.00000 0.00000 0.22791 0.77209
0.06206 0.06477 0.00021 0.06447 0.00021 0.79428 0.01399
0.00000 0.00000 0.00000 0.00000 0.99842 0.00001 0.00156
0.00004 0.00000 0.00000 0.07463 0.00000 0.03100 0.89433
0.00002 0.00000 0.00096 0.00001 0.00008 0.01614 0.98280
0.06546 0.00060 0.00025 0.73176 0.00059 0.08675 0.11460
0.05583 0.00000 0.00000 0.13248 0.00005 0.00223 0.80940
0.00048 0.00000 0.00001 0.00484 0.00188 0.97307 0.01971
0.77382 0.00000 0.00000 0.01391 0.00001 0.00904 0.20322
0.00000 0.00250 0.00000 0.00082 0.00000 0.99654 0.00013
0.00000 0.00000 0.00000 0.00000 0.99987 0.00000 0.00013
0.00000 0.00001 0.00000 0.00003 0.00000 0.99909 0.00086
0.03033 0.00000 0.00026 0.06013 0.00000 0.39516 0.51411
0.00000 0.00000 0.00000 0.00000 0.00000 0.00001 0.99999
0.00233 0.00000 0.00006 0.06783 0.00107 0.00599 0.92271
0.00002 0.00000 0.00004 0.00000 0.00000 0.00023 0.99971
0.02933 0.00080 0.00145 0.55034 0.00037 0.29674 0.12098
0.00941 0.10901 0.06980 0.18898 0.01833 0.54618 0.05829
0.04252 0.00030 0.00583 0.01046 0.00008 0.80807 0.13274
0.05941 0.00002 0.00000 0.87325 0.00000 0.03567 0.03164
0.00003 0.00000 0.00000 0.00002 0.00000 0.00120 0.99876
0.00000 0.00000 0.00000 0.00000 0.00000 0.00003 0.99997
0.00007 0.00005 0.00304 0.00062 0.00509 0.00301 0.98812
0.00366 0.00000 0.00002 0.00295 0.00016 0.75678 0.23643
0.00000 0.00000 0.00002 0.00000 0.00081 0.01245 0.98672
0.00000 0.00000 0.00001 0.00000 0.00100 0.00128 0.99770
0.00002 0.00000 0.00000 0.00000 0.00000 0.00115 0.99883
0.00150 0.00014 0.00585 0.00442 0.00264 0.04736 0.93809
0.03059 0.00091 0.00008 0.09211 0.00018 0.81330 0.06282
0.98202 0.00000 0.00000 0.00014 0.00000 0.00419 0.01366
0.14021 0.00075 0.00213 0.00976 0.00203 0.14094 0.70417
0.00000 0.00000 0.00000 0.00000 0.00000 0.99896 0.00104
0.00018 0.00369 0.00001 0.00010 0.00092 0.60585 0.38925
0.00018 0.00000 0.00000 0.00609 0.00000 0.51693 0.47679
0.00284 0.00000 0.00000 0.98914 0.00000 0.00668 0.00134
0.00000 0.00000 0.00000 0.00000 0.99873 0.00111 0.00016
0.33842 0.00007 0.00012 0.36240 0.00005 0.12515 0.17379
0.00638 0.00009 0.00369 0.00007 0.00020 0.06166 0.92791
0.00318 0.00001 0.00000 0.43869 0.00000 0.54096 0.01716
0.00000 0.00000 0.00000 0.00000 0.00252 0.00075 0.99673
0.93077 0.00003 0.00001 0.00056 0.00000 0.05342 0.01520
0.00002 0.00001 0.00005 0.00001 0.01163 0.01900 0.96929
0.72548 0.00020 0.00006 0.12214 0.00003 0.08978 0.06232
0.83527 0.00120 0.00001 0.00760 0.00006 0.04525 0.11061
0.00000 0.00000 0.00000 0.00000 0.05160 0.00146 0.94694
0.17238 0.00001 0.00017 0.02907 0.00004 0.57612 0.22223
0.61181 0.00001 0.00000 0.14587 0.00001 0.04579 0.19650
0.00000 0.00000 0.00360 0.00001 0.00024 0.00786 0.98829
0.00097 0.00003 0.00659 0.00024 0.00000 0.56239 0.42978
0.00295 0.00002 0.00020 0.03782 0.00031 0.62493 0.33378
0.00047 0.00000 0.00003 0.01519 0.00007 0.45882 0.52542
0.00000 0.00000 0.00000 0.00000 0.00000 0.00174 0.99826
0.00000 0.00000 0.00000 0.00000 0.98704 0.00001 0.01295
0.00000 0.00000 0.00000 0.00005 0.00000 0.99986 0.00010
0.00013 0.00044 0.00850 0.00017 0.26597 0.01804 0.70676
0.00001 0.00001 0.09460 0.00005 0.00255 0.00266 0.90011
0.00053 0.00077 0.00039 0.00000 0.00084 0.89751 0.09994
0.01635 0.01799 0.03320 0.06782 0.20458 0.21425 0.44582
0.08449 0.00000 0.00000 0.00822 0.00001 0.00224 0.90505
0.02921 0.00000 0.00000 0.00249 0.00000 0.84624 0.12206
0.00001 0.00000 0.00000 0.00000 0.00000 0.00059 0.99939
0.00000 0.00000 0.00000 0.00021 0.00000 0.28867 0.71112
0.00005 0.00000 0.00001 0.00013 0.00000 0.98546 0.01436
0.00328 0.00002 0.00002 0.00000 0.00018 0.01143 0.98507
0.36349 0.00012 0.00027 0.25709 0.00005 0.21091 0.16807
0.00000 0.00000 0.00000 0.00000 0.00000 0.92764 0.07236
0.00169 0.00001 0.00004 0.11304 0.00004 0.72747 0.15771
0.00037 0.71044 0.04159 0.00142 0.00074 0.22315 0.02229
0.00000 0.00000 0.00007 0.00000 0.00000 0.98409 0.01583
0.00010 0.00000 0.00000 0.00233 0.00000 0.99524 0.00233
0.71844 0.00014 0.00005 0.04079 0.00003 0.10973 0.13082
0.00000 0.00000 0.00000 0.00000 0.00000 0.00007 0.99992
0.00126 0.00000 0.00000 0.96922 0.00000 0.01889 0.01062
0.00041 0.00000 0.00007 0.00019 0.00000 0.90253 0.09680
0.00134 0.00000 0.00263 0.00000 0.00054 0.00019 0.99529
0.00064 0.00000 0.00000 0.01159 0.00001 0.00491 0.98285
0.00000 0.00000 0.00000 0.00000 0.00000 0.00000 1.00000
0.00451 0.00001 0.00001 0.00263 0.00003 0.89167 0.10115
0.03163 0.00062 0.35902 0.00154 0.00015 0.53416 0.07289
0.00006 0.00000 0.00012 0.00198 0.00000 0.00115 0.99670
0.00102 0.00000 0.00000 0.00057 0.00000 0.96287 0.03553
0.00002 0.00002 0.00477 0.00001 0.00107 0.00880 0.98531
0.27246 0.00019 0.00011 0.13323 0.00050 0.03802 0.55550
0.00002 0.00000 0.00001 0.00061 0.00425 0.92600 0.06911
0.01083 0.00003 0.00002 0.44095 0.00003 0.50902 0.03913
0.18629 0.00001 0.00000 0.51755 0.00011 0.16243 0.13360
0.00033 0.00000 0.00000 0.87236 0.00000 0.10190 0.02540
0.00579 0.00363 0.00840 0.10136 0.00156 0.49792 0.38135
0.03322 0.00135 0.00010 0.73422 0.00049 0.20974 0.02087
0.46209 0.00024 0.00004 0.01009 0.00257 0.16875 0.35621
0.00000 0.00007 0.00000 0.00027 0.98773 0.00745 0.00447
0.00000 0.00000 0.00000 0.00000 0.00000 0.97402 0.02598
0.00366 0.00624 0.00086 0.01408 0.62931 0.16561 0.18024
0.00000 0.00000 0.00000 0.00000 0.00000 0.99993 0.00006
0.01895 0.00007 0.00673 0.16273 0.00002 0.51621 0.29530
0.01775 0.00040 0.00000 0.06089 0.01103 0.87653 0.03339
0.01408 0.00001 0.00001 0.71935 0.00001 0.23919 0.02735
0.00000 0.00000 0.00000 0.00001 0.00000 0.00001 0.99997
0.01287 0.00000 0.00002 0.01592 0.00001 0.24764 0.72353
0.01753 0.00002 0.00000 0.91222 0.00000 0.05083 0.01939
0.00013 0.00000 0.00002 0.00363 0.00006 0.00607 0.99008
0.01234 0.00000 0.00000 0.01628 0.00020 0.03243 0.93874
0.00000 0.00000 0.00000 0.00000 0.00001 0.00004 0.99995
0.00001 0.00041 0.00481 0.00004 0.00640 0.03620 0.95214
0.00000 0.00000 0.00001 0.00000 0.00000 0.00505 0.99494
0.00000 0.00000 0.00000 0.00001 0.00004 0.00104 0.99891
0.00000 0.00001 0.00000 0.00010 0.12445 0.05090 0.82454
0.01331 0.00000 0.00000 0.92984 0.00000 0.04775 0.00909
0.00000 0.00000 0.00000 0.00000 0.99951 0.00004 0.00045
0.00584 0.00000 0.00001 0.11833 0.00023 0.03244 0.84314
0.00541 0.81045 0.01158 0.00107 0.00001 0.16226 0.00922
0.00047 0.00001 0.00002 0.00033 0.00236 0.99534 0.00147
0.00000 0.00000 0.00000 0.00000 0.98501 0.00000 0.01499
0.00005 0.00000 0.00496 0.00003 0.00001 0.80940 0.18555
0.01910 0.01498 0.02385 0.09926 0.15146 0.17226 0.51908
0.00000 0.00000 0.00000 0.00000 0.96277 0.00002 0.03721
0.00100 0.01660 0.05280 0.00211 0.01505 0.13050 0.78194
0.28996 0.02464 0.00001 0.11849 0.00026 0.52880 0.03785
0.00000 0.00000 0.00000 0.00000 0.00000 0.99877 0.00122
0.01344 0.00000 0.00000 0.92284 0.00000 0.02462 0.03910
0.00001 0.00000 0.00000 0.00003 0.00000 0.28608 0.71389
0.00165 0.00000 0.00049 0.00094 0.00001 0.08873 0.90818
0.00239 0.00515 0.00404 0.01762 0.00516 0.54346 0.42218
0.79653 0.00352 0.00007 0.05303 0.00081 0.07538 0.07065
0.00000 0.00000 0.00000 0.00006 0.98090 0.00246 0.01658
0.04068 0.00032 0.00021 0.54327 0.00081 0.26668 0.14803
0.00007 0.00000 0.00000 0.00004 0.00000 0.00009 0.99980
0.00799 0.00000 0.00000 0.00018 0.00106 0.00682 0.98394
0.00129 0.00000 0.00001 0.00136 0.00000 0.95330 0.04404
0.00000 0.00000 0.00000 0.00000 0.00019 0.00001 0.99980
0.00083 0.00000 0.00000 0.00311 0.00002 0.00423 0.99181
0.00253 0.00008 0.00172 0.00082 0.03700 0.42549 0.53237
0.00000 0.00000 0.00000 0.00001 0.00019 0.08109 0.91871
0.00021 0.00000 0.00001 0.00007 0.00008 0.00192 0.99771
0.00000 0.00000 0.00053 0.00001 0.00004 0.01582 0.98360
0.00000 0.00000 0.00000 0.00001 0.00000 0.97652 0.02348
0.00022 0.00002 0.00112 0.00020 0.01031 0.95438 0.03375
0.29037 0.02976 0.02748 0.08476 0.00258 0.40318 0.16187
0.00000 0.00000 0.00000 0.00007 0.00000 0.00003 0.99990
0.00000 0.00000 0.00010 0.00000 0.00000 0.00095 0.99894
0.00000 0.00000 0.00007 0.00000 0.00166 0.02499 0.97328
0.00001 0.00000 0.00001 0.00455 0.00000 0.02277 0.97265
0.42218 0.00085 0.00184 0.00696 0.00066 0.32796 0.23955
0.00000 0.00000 0.00000 0.00002 0.00001 0.00107 0.99891
0.00044 0.00000 0.00000 0.00012 0.00001 0.00371 0.99572
0.00301 0.00045 0.00010 0.32021 0.00001 0.66980 0.00642
0.00001 0.00000 0.00015 0.00000 0.00005 0.00226 0.99753
0.00017 0.00000 0.00000 0.00005 0.00000 0.99898 0.00080
0.16216 0.00212 0.03258 0.00331 0.00396 0.18220 0.61367
0.00021 0.00000 0.00000 0.00016 0.00006 0.06632 0.93326
0.54982 0.00008 0.00005 0.02291 0.00038 0.19152 0.23523
0.00000 0.00002 0.00013 0.00203 0.00000 0.99342 0.00440
0.00000 0.00000 0.00000 0.00000 0.00059 0.68058 0.31882
0.00026 0.00000 0.00000 0.00000 0.00000 0.00024 0.99950
0.00004 0.00009 0.15113 0.00024 0.00317 0.00779 0.83753
0.67184 0.00031 0.00062 0.00809 0.00003 0.21879 0.10032
0.02462 0.00156 0.01855 0.00679 0.00230 0.32573 0.62045
0.05973 0.00028 0.00009 0.68579 0.00012 0.22195 0.03205
0.00000 0.00000 0.00000 0.00000 0.00001 0.00948 0.99051
0.00039 0.00089 0.00046 0.00516 0.00063 0.89276 0.09972
0.04901 0.00007 0.00002 0.71948 0.00005 0.18411 0.04727
0.00000 0.00000 0.00000 0.00000 0.00015 0.00702 0.99283
0.00081 0.00002 0.00003 0.00355 0.05997 0.80417 0.13145
0.00029 0.00000 0.00000 0.05462 0.00000 0.38176 0.56333
0.00428 0.00001 0.00004 0.00029 0.00000 0.79644 0.19893
0.00001 0.00045 0.19584 0.00005 0.17156 0.00654 0.62556
0.00001 0.00000 0.00000 0.01459 0.00003 0.98523 0.00013
0.00000 0.00000 0.00000 0.00000 0.01919 0.00002 0.98079
0.00262 0.00000 0.00000 0.87088 0.00000 0.04249 0.08401
0.00000 0.00000 0.00000 0.00001 0.00000 0.01524 0.98475
0.00000 0.00000 0.00000 0.00000 0.00000 1.00000 0.00000
0.00000 0.00000 0.00000 0.00000 0.00000 0.99010 0.00989
0.00002 0.00000 0.01530 0.00000 0.00140 0.00378 0.97949
0.01683 0.00000 0.00000 0.32789 0.00006 0.06684 0.58838
0.00000 0.00000 0.00000 0.00000 0.00000 0.00057 0.99943
0.00084 0.00000 0.00001 0.00083 0.00006 0.00081 0.99746
0.00000 0.00000 0.00000 0.00000 0.00000 0.00000 1.00000
0.00413 0.00000 0.00000 0.98782 0.00000 0.00468 0.00337
0.00000 0.00000 0.00554 0.00027 0.00001 0.25261 0.74156
0.01684 0.00000 0.00000 0.90963 0.00001 0.04984 0.02369
0.00020 0.00000 0.00007 0.00003 0.00002 0.21283 0.78686
0.00022 0.00004 0.00062 0.00005 0.00158 0.36113 0.63636
0.05182 0.00683 0.01284 0.02113 0.00145 0.76066 0.14527
0.00023 0.00000 0.00000 0.00159 0.00000 0.86872 0.12946
0.06880 0.00003 0.00006 0.46912 0.00013 0.16531 0.29656
0.00000 0.00000 0.00000 0.00000 0.00001 0.00004 0.99994
0.21740 0.00022 0.00011 0.67315 0.00013 0.04038 0.06861
0.04890 0.00000 0.00000 0.83289 0.00002 0.04850 0.06968
0.77845 0.00000 0.00000 0.01580 0.00000 0.00137 0.20438
0.04938 0.00001 0.00000 0.86018 0.00001 0.05746 0.03297
0.24130 0.00005 0.00000 0.35509 0.00006 0.33446 0.06904
0.20853 0.00000 0.00000 0.02813 0.00000 0.02945 0.73389
0.00049 0.00003 0.00157 0.00730 0.00481 0.05313 0.93267
0.00108 0.00000 0.00000 0.00078 0.00000 0.00151 0.99662
0.00003 0.00080 0.42396 0.00015 0.00965 0.00124 0.56418
0.00000 0.00000 0.00000 0.00000 0.00000 0.93121 0.06879
0.00000 0.00000 0.00000 0.00000 0.00064 0.00040 0.99896
0.00000 0.00000 0.00000 0.00000 0.99730 0.00001 0.00269
0.00002 0.00000 0.00273 0.00140 0.00015 0.00216 0.99353
0.00332 0.00000 0.00000 0.88707 0.00000 0.07302 0.03659
0.00000 0.00000 0.00000 0.00005 0.00000 0.00000 0.99994
0.00071 0.00174 0.11048 0.00157 0.41400 0.00725 0.46425
0.00916 0.00122 0.12802 0.00161 0.00085 0.27620 0.58295
0.00006 0.00001 0.01292 0.00116 0.00004 0.03010 0.95571
0.80572 0.00000 0.00000 0.00046 0.00000 0.00581 0.18801
0.00000 0.00000 0.00000 0.00000 0.11683 0.01137 0.87180
0.00002 0.00000 0.00000 0.00005 0.00000 0.09929 0.90063
0.03833 0.00000 0.00002 0.03343 0.00005 0.04169 0.88648
0.02755 0.00713 0.08488 0.00525 0.29327 0.43469 0.14723
0.00000 0.00000 0.00002 0.00000 0.00000 0.00193 0.99805
0.00000 0.00000 0.00000 0.00009 0.00000 0.32224 0.67766
0.00736 0.93303 0.00806 0.00416 0.00221 0.03711 0.00807
0.00002 0.00001 0.00054 0.00038 0.00005 0.01189 0.98711
0.03290 0.02505 0.02361 0.25386 0.00075 0.58905 0.07478
0.00001 0.00000 0.00000 0.00000 0.00039 0.00022 0.99938
0.00000 0.00000 0.00008 0.00000 0.00004 0.00211 0.99777
0.00481 0.00000 0.00000 0.00028 0.00000 0.02235 0.97256
0.00000 0.00000 0.00000 0.00000 0.00000 0.00391 0.99609
0.00091 0.01976 0.14716 0.00043 0.00768 0.13316 0.69090
0.00000 0.00000 0.00000 0.00000 0.00000 0.99923 0.00077
0.01910 0.01498 0.02385 0.09926 0.15146 0.17226 0.51908
0.00547 0.00253 0.00790 0.00110 0.00115 0.25982 0.72203
0.13445 0.00001 0.00003 0.00312 0.00031 0.12333 0.73875
0.00000 0.00000 0.00000 0.00000 0.00044 0.00010 0.99946
0.00000 0.00000 0.00000 0.00000 0.00001 0.00011 0.99988
0.00053 0.00072 0.03457 0.00022 0.00362 0.80570 0.15464
0.00000 0.00000 0.00002 0.00000 0.00000 0.00064 0.99934
0.65268 0.00014 0.00000 0.03412 0.00036 0.00348 0.30922
0.01595 0.00318 0.00146 0.14674 0.00040 0.81058 0.02169
0.00002 0.00000 0.00000 0.00017 0.00000 0.00014 0.99967
0.09189 0.00668 0.07560 0.00856 0.02447 0.42273 0.37006
0.00334 0.00000 0.00000 0.91476 0.00000 0.06854 0.01336
0.00010 0.00378 0.00005 0.00727 0.00001 0.98843 0.00038
0.00000 0.00000 0.00000 0.00000 0.00000 0.00049 0.99951
0.01774 0.01640 0.02909 0.07655 0.18253 0.16290 0.51480
0.00003 0.00000 0.00641 0.00011 0.00120 0.00072 0.99152
0.00868 0.00000 0.00000 0.36845 0.00001 0.00228 0.62058
0.06085 0.00007 0.00006 0.33131 0.00060 0.32474 0.28236
0.01124 0.02886 0.59734 0.00131 0.00553 0.05007 0.30566
0.00059 0.00000 0.00000 0.01631 0.00000 0.38441 0.59869
0.00004 0.00000 0.00004 0.00015 0.00003 0.00047 0.99927
0.00002 0.00130 0.37667 0.00024 0.02294 0.00624 0.59259
0.09661 0.00003 0.00001 0.40280 0.00006 0.36485 0.13563
0.15909 0.00038 0.00166 0.14546 0.00109 0.13936 0.55296
0.00021 0.00000 0.00000 0.37925 0.00000 0.00231 0.61822
0.00779 0.00017 0.00663 0.10728 0.00175 0.08754 0.78883
0.00000 0.00000 0.00000 0.00040 0.00027 0.09433 0.90499
0.75358 0.00001 0.00005 0.00229 0.00038 0.09222 0.15147
0.00005 0.00000 0.00004 0.00000 0.00000 0.00090 0.99902
0.10778 0.00291 0.00096 0.61638 0.00006 0.24831 0.02360
0.00000 0.00000 0.00000 0.00000 0.00846 0.00046 0.99108
0.00000 0.00000 0.00000 0.00002 0.00000 0.00037 0.99961
0.00040 0.00000 0.00005 0.00038 0.00007 0.01093 0.98817
0.00000 0.00000 0.00000 0.00000 1.00000 0.00000 0.00000
0.00000 0.00000 0.00000 0.00000 1.00000 0.00000 0.00000
0.00000 0.00000 0.00000 0.00000 0.99960 0.00000 0.00040
0.00608 0.00055 0.04124 0.00044 0.00362 0.06998 0.87810
