# Country Folk Indie Jazz Metal Pop Rock
0.41162 0.00238 0.00005 0.00766 0.01456 0.08927 0.47446
0.12232 0.00000 0.00000 0.01082 0.00005 0.80005 0.06676
0.00192 0.00000 0.00000 0.00000 0.00001 0.00089 0.99719
0.01045 0.00062 0.00059 0.00022 0.02180 0.02387 0.94246
0.73004 0.00579 0.00007 0.00724 0.01259 0.07376 0.17051
0.00052 0.00003 0.00000 0.00023 0.01340 0.00053 0.98529
0.04529 0.00013 0.00000 0.00053 0.00284 0.15727 0.79394
0.00001 0.00000 0.00000 0.00037 0.00017 0.99935 0.00010
0.00001 0.00000 0.00000 0.00006 0.00000 0.99946 0.00047
0.59098 0.04130 0.00008 0.08429 0.07357 0.19082 0.01896
0.99797 0.00012 0.00000 0.00012 0.00000 0.00011 0.00168
0.00001 0.00000 0.00000 0.00000 0.00001 0.00000 0.99998
0.52547 0.06008 0.00000 0.00040 0.00002 0.03088 0.38315
0.02849 0.00001 0.00000 0.00075 0.00001 0.29267 0.67806
0.02478 0.00002 0.00000 0.00056 0.00003 0.48773 0.48689
0.11814 0.00001 0.00000 0.00053 0.00039 0.77182 0.10911
0.00408 0.00006 0.00000 0.00021 0.00001 0.00017 0.99548
0.12721 0.00003 0.00000 0.00012 0.00004 0.00347 0.86912
0.00136 0.00000 0.00000 0.00003 0.00012 0.26439 0.73410
0.34304 0.02413 0.00022 0.39579 0.00702 0.17925 0.05055
0.00358 0.00021 0.00002 0.00012 0.00064 0.00140 0.99404
0.00258 0.00016 0.00000 0.96659 0.00002 0.00715 0.02349
0.00247 0.00000 0.00000 0.00003 0.00002 0.17972 0.81775
0.00014 0.00000 0.00000 0.00000 0.00000 0.00000 0.99985
0.00384 0.00000 0.00000 0.00001 0.00000 0.00014 0.99600
0.98360 0.00003 0.00000 0.00015 0.00001 0.00071 0.01549
0.20537 0.00003 0.00000 0.00008 0.00004 0.04521 0.74928
0.00000 0.00000 0.00000 0.00000 0.99994 0.00001 0.00005
0.00004 0.00000 0.00000 0.00001 0.00001 0.00012 0.99983
0.01413 0.00035 0.00001 0.00041 0.00002 0.00445 0.98063
0.02214 0.00006 0.00000 0.00014 0.36336 0.37032 0.24397
0.00138 0.00021 0.00000 0.00025 0.00611 0.00140 0.99065
0.28075 0.00165 0.00000 0.68704 0.00014 0.00908 0.02134
0.26948 0.00037 0.00001 0.00079 0.00018 0.03287 0.69630
0.91723 0.00002 0.00000 0.00210 0.00003 0.06900 0.01163
0.00035 0.00000 0.00000 0.00002 0.00016 0.95703 0.04243
0.00002 0.00000 0.00000 0.00007 0.00000 0.99970 0.00021
0.01252 0.00003 0.00000 0.00004 0.00042 0.07769 0.90929
0.27919 0.00118 0.00021 0.03876 0.00118 0.64260 0.03688
0.00014 0.00002 0.00003 0.00001 0.00115 0.12715 0.87149
0.02244 0.01592 0.00126 0.01011 0.04178 0.39223 0.51625
0.88456 0.00059 0.00000 0.01139 0.00034 0.01451 0.08860
0.27355 0.00000 0.00000 0.01749 0.00000 0.67384 0.03512
0.00080 0.00655 0.00012 0.00087 0.00076 0.01936 0.97154
0.14333 0.00001 0.00000 0.00030 0.00032 0.13104 0.72500
0.00000 0.00000 0.00000 0.00000 0.99948 0.00009 0.00043
0.00001 0.00000 0.00000 0.00000 0.00000 0.00001 0.99998
0.21364 0.01654 0.00128 0.03414 0.00666 0.25151 0.47622
0.00546 0.00001 0.00099 0.00006 0.00009 0.97030 0.02308
0.00013 0.00000 0.00000 0.00027 0.00014 0.99942 0.00003
0.00040 0.00013 0.00000 0.00001 0.00225 0.00081 0.99640
0.00125 0.00012 0.00000 0.00022 0.11516 0.00206 0.88120
0.00457 0.00042 0.01605 0.00011 0.35748 0.32311 0.29826
0.88602 0.00120 0.00000 0.00043 0.00001 0.00064 0.11169
0.00163 0.00001 0.00054 0.00221 0.00014 0.99529 0.00019
0.00633 0.00000 0.00000 0.00011 0.00003 0.99249 0.00104
0.00730 0.00008 0.00000 0.00095 0.00000 0.00559 0.98608
0.00000 0.00000 0.00000 0.00000 0.68036 0.00002 0.31962
0.78437 0.00004 0.00000 0.00128 0.00025 0.03206 0.18200
0.00002 0.00000 0.00000 0.00000 0.00002 0.00053 0.99943
0.00909 0.12981 0.00006 0.58213 0.00093 0.18580 0.09219
0.02008 0.05559 0.00327 0.04408 0.11433 0.29354 0.46911
0.01272 0.00040 0.00000 0.00433 0.00003 0.61754 0.36498
0.00213 0.00061 0.00018 0.00025 0.03259 0.00330 0.96093
0.00000 0.00000 0.00000 0.00000 0.94956 0.00029 0.05014
0.17103 0.00034 0.00000 0.00010 0.00025 0.00559 0.82268
0.02067 0.00070 0.00000 0.00593 0.00252 0.40395 0.56622
0.77383 0.00010 0.00000 0.04962 0.00002 0.16485 0.01159
0.01621 0.00025 0.00000 0.00065 0.00008 0.00706 0.97575
0.00081 0.01031 0.00000 0.00063 0.14558 0.82279 0.01988
0.05790 0.01264 0.00115 0.01107 0.49498 0.05599 0.36627
0.01039 0.00013 0.00010 0.00013 0.02225 0.03010 0.93690
0.04321 0.00180 0.00003 0.91019 0.00040 0.02288 0.02149
0.00551 0.00045 0.00007 0.00008 0.01011 0.01806 0.96572
0.04303 0.00053 0.00031 0.00016 0.00728 0.02155 0.92714
0.00023 0.00000 0.00000 0.00000 0.00026 0.06543 0.93408
0.02189 0.00000 0.00000 0.00290 0.00007 0.43537 0.53976
0.19150 0.00001 0.00000 0.00003 0.00002 0.00260 0.80585
0.78247 0.00105 0.00001 0.01745 0.00006 0.00976 0.18921
0.00000 0.00000 0.00000 0.00000 0.00000 0.00000 0.99999
0.00062 0.00000 0.00003 0.02494 0.00000 0.97429 0.00012
0.00034 0.00030 0.00323 0.00004 0.07510 0.04731 0.87368
0.00014 0.00000 0.00000 0.00000 0.00003 0.00354 0.99628
0.00443 0.00016 0.00000 0.03533 0.00020 0.91413 0.04573
0.00000 0.00000 0.00000 0.00000 0.97988 0.00670 0.01341
0.93907 0.00003 0.00000 0.00049 0.00006 0.01252 0.04782
0.00050 0.00001 0.00002 0.00001 0.00138 0.00339 0.99468
0.03624 0.00005 0.00000 0.00010 0.00418 0.00921 0.95023
0.00010 0.00023 0.00000 0.00004 0.00019 0.00924 0.99020
0.01962 0.04367 0.10975 0.06415 0.20393 0.25466 0.30421
0.00264 0.02649 0.00001 0.00499 0.05354 0.00812 0.90421
0.01095 0.00007 0.00008 0.00154 0.00570 0.25743 0.72424
0.00050 0.00000 0.00000 0.00001 0.06409 0.00060 0.93481
0.92599 0.00001 0.00000 0.00009 0.00025 0.02540 0.04826
0.00361 0.00000 0.00000 0.00037 0.00000 0.17722 0.81880
0.00732 0.00000 0.00000 0.00013 0.00017 0.85493 0.13745
0.03979 0.00251 0.00024 0.08966 0.00064 0.16129 0.70586
0.32264 0.00491 0.00000 0.00177 0.00003 0.00385 0.66680
0.00086 0.00000 0.00000 0.00021 0.00000 0.91980 0.07912
0.00020 0.00000 0.00000 0.00000 0.00000 0.00008 0.99972
0.02106 0.00135 0.00003 0.93627 0.00017 0.02673 0.01439
0.00002 0.00000 0.00000 0.00015 0.00000 0.99980 0.00004
0.00193 0.00759 0.00001 0.00006 0.00339 0.05154 0.93549
0.00052 0.00006 0.00000 0.00020 0.00006 0.00027 0.99890
0.10210 0.00003 0.00000 0.01743 0.00002 0.37329 0.50712
0.10452 0.00861 0.00009 0.00420 0.00714 0.00139 0.87405
0.00060 0.00301 0.00000 0.00003 0.00019 0.99182 0.00434
0.00019 0.00000 0.00000 0.00000 0.00115 0.00003 0.99863
0.21908 0.00015 0.00013 0.02258 0.00247 0.65595 0.09965
0.06206 0.00527 0.00002 0.01323 0.02697 0.85630 0.03614
0.01666 0.00000 0.00000 0.00001 0.00000 0.00002 0.98331
0.00143 0.00010 0.00000 0.00081 0.00005 0.00846 0.98915
0.00006 0.00123 0.00002 0.00007 0.98530 0.00111 0.01221
0.19180 0.02115 0.00597 0.18633 0.00608 0.45505 0.13363
0.14661 0.00002 0.00000 0.00052 0.00026 0.11802 0.73457
0.00005 0.00000 0.00000 0.00001 0.00000 0.00001 0.99993
0.00839 0.00023 0.00003 0.00100 0.01439 0.01161 0.96436
0.87776 0.02751 0.00000 0.00577 0.00035 0.00134 0.08727
0.00819 0.00004 0.00000 0.00024 0.00515 0.89707 0.08930
0.09040 0.00092 0.00023 0.00164 0.00353 0.33605 0.56723
0.00001 0.00000 0.00000 0.00000 0.04502 0.00002 0.95495
0.00006 0.00000 0.00000 0.00865 0.00005 0.98876 0.00248
0.00089 0.00000 0.00000 0.00001 0.00001 0.00041 0.99868
0.00198 0.00003 0.00001 0.00208 0.00019 0.99401 0.00171
0.00088 0.00002 0.00000 0.00002 0.00001 0.00004 0.99902
0.59406 0.00524 0.00029 0.06462 0.00162 0.18743 0.14673
0.00000 0.00000 0.00009 0.00004 0.98151 0.00244 0.01591
0.99987 0.00000 0.00000 0.00000 0.00000 0.00000 0.00013
0.02363 0.00949 0.00016 0.00065 0.00005 0.01378 0.95223
0.92831 0.00011 0.00000 0.00648 0.00054 0.04756 0.01699
0.10132 0.00029 0.00000 0.00036 0.00231 0.01429 0.88144
0.00000 0.00000 0.00000 0.00000 0.99413 0.00004 0.00583
0.00019 0.00001 0.00012 0.00009 0.00001 0.99694 0.00264
0.00979 0.00022 0.00000 0.09329 0.00007 0.70733 0.18930
0.00008 0.00000 0.00000 0.00005 0.00001 0.97987 0.02000
0.01051 0.00005 0.00001 0.00029 0.00005 0.97452 0.01458
0.00011 0.00016 0.00007 0.00400 0.00446 0.12530 0.86591
0.00068 0.00028 0.00136 0.00235 0.06518 0.72051 0.20964
0.00008 0.00008 0.00005 0.00004 0.00171 0.06829 0.92975
0.04966 0.00001 0.00000 0.00017 0.00006 0.77400 0.17610
0.01025 0.00008 0.00002 0.00102 0.73749 0.12694 0.12420
0.00002 0.00011 0.00095 0.00009 0.38708 0.00298 0.60876
0.00197 0.00005 0.00000 0.94006 0.00001 0.05770 0.00021
0.00008 0.00000 0.00000 0.00062 0.00015 0.99899 0.00016
0.00259 0.00012 0.00048 0.00242 0.00313 0.03458 0.95669
0.91245 0.00002 0.00000 0.00022 0.00008 0.01393 0.07331
0.00525 0.00002 0.00000 0.00011 0.00327 0.02601 0.96535
0.10453 0.00127 0.00054 0.06406 0.00394 0.10296 0.72270
0.00008 0.00012 0.00000 0.00000 0.99755 0.00109 0.00117
0.98632 0.00001 0.00000 0.00000 0.00000 0.00008 0.01359
0.00053 0.00048 0.00000 0.00003 0.01756 0.00111 0.98029
0.12492 0.00600 0.00003 0.03178 0.00011 0.08773 0.74943
0.01249 0.00000 0.00000 0.00039 0.00000 0.51280 0.47432
0.64110 0.00011 0.00000 0.01059 0.00005 0.05602 0.29212
0.15036 0.00033 0.00002 0.00408 0.00015 0.53810 0.30697
0.91903 0.00001 0.00000 0.00093 0.00009 0.07545 0.00448
0.00566 0.00012 0.00102 0.00027 0.00250 0.98463 0.00580
0.11209 0.02041 0.00167 0.00547 0.02159 0.01203 0.82673
0.00062 0.00001 0.01342 0.00034 0.44268 0.47093 0.07200
0.25962 0.00036 0.00000 0.00769 0.00017 0.23335 0.49881
0.00312 0.00400 0.00287 0.00533 0.49901 0.25767 0.22800
0.02143 0.00006 0.00000 0.03340 0.00006 0.24243 0.70261
0.00001 0.00000 0.00000 0.00000 0.01015 0.00260 0.98724
0.12504 0.00014 0.00001 0.00809 0.00044 0.82355 0.04272
0.00669 0.00081 0.00054 0.00581 0.01177 0.66464 0.30974
0.00039 0.00001 0.00002 0.00011 0.00254 0.99061 0.00632
0.00259 0.00776 0.00031 0.01035 0.64304 0.00348 0.33248
0.01636 0.00000 0.00000 0.00000 0.00006 0.11443 0.86915
0.00002 0.00000 0.00000 0.00000 0.00000 0.00000 0.99998
0.00029 0.00203 0.00101 0.00068 0.07180 0.00895 0.91524
0.47038 0.03121 0.00002 0.00766 0.02397 0.04666 0.42009
0.99348 0.00001 0.00000 0.00018 0.00000 0.00074 0.00560
0.42323 0.00044 0.00000 0.00043 0.00041 0.02637 0.54912
0.15853 0.00022 0.00000 0.00002 0.00007 0.00898 0.83218
0.50507 0.00041 0.00005 0.07409 0.00056 0.34686 0.07296
0.66814 0.00937 0.00000 0.00789 0.00337 0.04857 0.26265
0.06964 0.00004 0.00000 0.00004 0.00027 0.00295 0.92706
0.16139 0.02177 0.00026 0.70816 0.00132 0.02036 0.08674
0.00050 0.00001 0.00000 0.00043 0.00223 0.01928 0.97755
0.84983 0.00715 0.00002 0.00230 0.00194 0.00641 0.13235
0.73581 0.00039 0.00000 0.00058 0.00011 0.04920 0.21392
0.00000 0.00000 0.00001 0.00002 0.00005 0.99981 0.00012
0.53603 0.00001 0.00000 0.00007 0.00027 0.12275 0.34087
0.07218 0.00075 0.00000 0.00403 0.00003 0.37674 0.54628
0.00027 0.00030 0.00000 0.00001 0.00026 0.00085 0.99831
0.00000 0.00000 0.00001 0.00000 0.00004 0.00900 0.99094
0.00409 0.00002 0.00000 0.00006 0.00232 0.00093 0.99259
0.09170 0.00000 0.00000 0.00001 0.00003 0.00218 0.90607
0.98775 0.00000 0.00000 0.00010 0.00000 0.00004 0.01211
0.00946 0.00000 0.00000 0.00000 0.00005 0.01656 0.97392
0.00194 0.00013 0.00000 0.00006 0.00078 0.01227 0.98481
0.01090 0.00088 0.00116 0.00031 0.00448 0.06204 0.92023
0.00448 0.00000 0.00000 0.00000 0.00000 0.00094 0.99458
0.86634 0.00273 0.00002 0.05581 0.00051 0.03254 0.04205
0.28772 0.00209 0.00000 0.00472 0.00101 0.00081 0.70364
0.07997 0.00551 0.00534 0.21671 0.03637 0.55640 0.09970
0.98589 0.00000 0.00000 0.00009 0.00001 0.00235 0.01166
0.00081 0.00000 0.00000 0.00014 0.00020 0.53022 0.46862
0.00000 0.00000 0.00000 0.00000 0.00000 1.00000 0.00000
0.43661 0.00395 0.00007 0.06783 0.00206 0.28033 0.20915
0.00239 0.00001 0.00001 0.00035 0.00258 0.76453 0.23013
0.00841 0.00000 0.00000 0.00000 0.00000 0.00034 0.99125
0.99400 0.00000 0.00000 0.00002 0.00005 0.00246 0.00347
0.00026 0.00000 0.00000 0.00001 0.00002 0.99934 0.00036
0.00024 0.00001 0.00000 0.00000 0.00006 0.00026 0.99943
0.66845 0.00082 0.00003 0.14701 0.00008 0.01941 0.16420
0.01208 0.00001 0.00000 0.00000 0.00003 0.00299 0.98489
0.00840 0.00000 0.00000 0.00000 0.00000 0.01386 0.97773
0.00715 0.00176 0.00001 0.00109 0.00114 0.00047 0.98838
0.01914 0.00829 0.00165 0.44696 0.00303 0.45023 0.07069
0.14772 0.00001 0.00000 0.00025 0.00005 0.17607 0.67588
0.00361 0.00125 0.00002 0.00021 0.00216 0.13039 0.86234
0.00166 0.00004 0.00001 0.00002 0.00004 0.98288 0.01535
0.03871 0.00430 0.00068 0.53543 0.00129 0.21099 0.20861
0.00000 0.00001 0.00000 0.00000 0.99981 0.00002 0.00015
0.50115 0.00733 0.00000 0.00163 0.00001 0.00253 0.48736
0.00000 0.00000 0.00000 0.00000 0.00000 1.00000 0.00000
0.00021 0.00002 0.00000 0.00001 0.02948 0.00036 0.96992
0.00033 0.00005 0.00007 0.00000 0.00151 0.29672 0.70131
0.99138 0.00000 0.00000 0.00000 0.00000 0.00000 0.00862
0.99555 0.00008 0.00000 0.00007 0.00000 0.00051 0.00379
0.00117 0.00000 0.00000 0.00017 0.00002 0.97444 0.02420
0.00929 0.00067 0.00002 0.03331 0.00011 0.81263 0.14396
0.00087 0.00000 0.00001 0.00011 0.00001 0.99868 0.00033
0.00039 0.00001 0.00005 0.00000 0.00249 0.08142 0.91564
0.12776 0.00003 0.00000 0.00070 0.00139 0.05314 0.81697
0.00012 0.00000 0.00001 0.00001 0.00028 0.99890 0.00069
0.96217 0.00004 0.00000 0.00011 0.00000 0.00096 0.03672
0.00690 0.00000 0.00000 0.00000 0.00000 0.00001 0.99308
0.28082 0.26511 0.00046 0.05227 0.01413 0.02397 0.36324
0.00066 0.00002 0.00000 0.00000 0.00002 0.00032 0.99897
0.19991 0.00018 0.00000 0.00059 0.00018 0.75252 0.04662
0.09076 0.00004 0.00000 0.00009 0.00007 0.00005 0.90899
0.36051 0.02215 0.00016 0.07663 0.02876 0.00484 0.50696
0.01276 0.00007 0.00000 0.10519 0.00009 0.82538 0.05650
0.04329 0.00004 0.00000 0.00450 0.00006 0.04824 0.90388
0.00268 0.00000 0.00001 0.00023 0.00059 0.99514 0.00134
0.31155 0.00021 0.00000 0.00225 0.00006 0.00525 0.68067
0.99295 0.00013 0.00000 0.00001 0.00000 0.00005 0.00685
0.00007 0.00000 0.00000 0.00001 0.00000 0.99985 0.00007
0.00143 0.00001 0.00006 0.00100 0.00541 0.94150 0.05060
0.00043 0.00001 0.00000 0.00001 0.00001 0.00001 0.99953
0.48649 0.00006 0.00000 0.00011 0.00109 0.42499 0.08726
0.65948 0.01702 0.00002 0.11951 0.04820 0.09809 0.05767
0.00652 0.00014 0.00101 0.13509 0.16889 0.65039 0.03795
0.00264 0.00161 0.00000 0.00031 0.00085 0.00071 0.99388
0.02264 0.00048 0.00009 0.00050 0.00487 0.11565 0.85577
0.81575 0.01165 0.00000 0.01405 0.00337 0.00389 0.15129
0.00005 0.00000 0.00000 0.00000 0.58999 0.00191 0.40804
0.00108 0.00000 0.00000 0.00000 0.00011 0.00114 0.99767
0.00048 0.00005 0.00000 0.00001 0.03421 0.00825 0.95699
0.89651 0.00005 0.00000 0.00064 0.00148 0.00101 0.10032
0.46272 0.01796 0.00013 0.18167 0.00070 0.06211 0.27472
0.00023 0.00002 0.00000 0.00028 0.00301 0.98927 0.00719
0.03469 0.00006 0.00000 0.00028 0.00077 0.20442 0.75979
0.27395 0.00189 0.00000 0.04330 0.00001 0.61323 0.06761
0.00107 0.00012 0.00023 0.00015 0.05066 0.00392 0.94384
0.00181 0.00000 0.00000 0.00000 0.00002 0.00624 0.99193
0.00000 0.00000 0.00000 0.00000 0.98331 0.00007 0.01662
0.01917 0.00002 0.00000 0.00000 0.00001 0.00386 0.97694
0.01612 0.00001 0.00000 0.00007 0.00002 0.65052 0.33326
0.25594 0.00024 0.00007 0.00155 0.00270 0.54263 0.19687
0.00007 0.00000 0.00000 0.00005 0.00000 0.88231 0.11756
0.84504 0.00131 0.00000 0.00270 0.00003 0.13988 0.01102
0.00000 0.00000 0.00000 0.00000 0.00034 0.01428 0.98538
0.00000 0.00000 0.00000 0.00000 0.00000 0.00000 1.00000
0.62075 0.00000 0.00000 0.00002 0.00000 0.00509 0.37414
0.02965 0.00001 0.00000 0.00000 0.00015 0.00289 0.96730
0.12210 0.00208 0.00000 0.02359 0.00376 0.06050 0.78797
0.05989 0.00103 0.00090 0.04115 0.07860 0.72840 0.09004
0.00442 0.00008 0.00000 0.00060 0.00009 0.07644 0.91836
0.00000 0.00000 0.00000 0.00000 0.00000 0.99999 0.00001
0.00070 0.00000 0.00000 0.00004 0.00011 0.99846 0.00068
0.00006 0.00001 0.00000 0.02961 0.00079 0.95886 0.01067
0.00962 0.00036 0.00000 0.00112 0.00012 0.16747 0.82130
0.07160 0.00017 0.00000 0.00150 0.00572 0.01414 0.90686
0.00005 0.00000 0.00000 0.00000 0.17061 0.37683 0.45250
0.35911 0.00000 0.00000 0.04507 0.00004 0.58430 0.01147
0.00008 0.00000 0.00000 0.00000 0.00000 0.00154 0.99838
0.06969 0.00107 0.00000 0.10120 0.00004 0.61756 0.21044
0.00156 0.00000 0.00000 0.00160 0.00007 0.99636 0.00041
0.00080 0.00004 0.00013 0.00007 0.00436 0.57627 0.41832
0.05627 0.00003 0.00000 0.00017 0.00140 0.00844 0.93368
0.00000 0.00000 0.00000 0.00000 0.99078 0.00000 0.00922
0.00031 0.56229 0.06508 0.00002 0.00426 0.24819 0.11985
0.00008 0.00001 0.00000 0.00000 0.00002 0.00008 0.99981
0.00207 0.00000 0.00000 0.00000 0.00000 0.00010 0.99783
0.01008 0.00276 0.00450 0.01416 0.00560 0.73860 0.22430
0.00004 0.00000 0.00000 0.00000 0.00001 0.00001 0.99995
0.82813 0.00001 0.00000 0.00011 0.00033 0.00303 0.16839
0.35892 0.00016 0.00000 0.00357 0.00025 0.34832 0.28877
0.00023 0.00000 0.00000 0.00000 0.00002 0.93665 0.06309
0.27367 0.00000 0.00000 0.00088 0.00007 0.69840 0.02697
0.04969 0.00000 0.00000 0.00000 0.00002 0.02737 0.92291
0.05196 0.00443 0.00027 0.01574 0.05332 0.20215 0.67212
0.00000 0.00000 0.00000 0.00008 0.00000 0.99975 0.00017
0.03204 0.00000 0.00000 0.00003 0.00242 0.01652 0.94899
0.00398 0.00006 0.00000 0.00008 0.00023 0.00012 0.99553
0.04894 0.88005 0.00000 0.00983 0.00640 0.00778 0.04700
0.00932 0.00000 0.00000 0.00274 0.00001 0.92736 0.06057
0.95403 0.00001 0.00000 0.00289 0.00005 0.02222 0.02080
0.02197 0.00000 0.00000 0.00000 0.00011 0.00004 0.97788
0.02065 0.00000 0.00000 0.00001 0.00000 0.00515 0.97419
0.01695 0.00002 0.00002 0.00007 0.00193 0.11509 0.86593
0.00092 0.00001 0.00018 0.00141 0.92928 0.03347 0.03473
0.00759 0.00000 0.00000 0.00010 0.00033 0.01531 0.97667
0.00471 0.00000 0.00000 0.00000 0.00002 0.00003 0.99523
0.00004 0.00000 0.00021 0.00003 0.00085 0.99875 0.00012
0.00722 0.00015 0.00000 0.00031 0.00005 0.00039 0.99187
0.00194 0.00000 0.00000 0.00002 0.00000 0.14286 0.85518
0.01107 0.00001 0.00000 0.00044 0.00011 0.93789 0.05048
0.00026 0.00000 0.00000 0.00000 0.00002 0.99890 0.00082
0.53116 0.31242 0.00013 0.10855 0.00346 0.00621 0.03806
0.00032 0.00000 0.00004 0.00093 0.00002 0.99831 0.00037
0.37497 0.00022 0.00000 0.00027 0.00018 0.13164 0.49272
0.02383 0.00066 0.00007 0.00438 0.00072 0.01757 0.95278
0.03891 0.00271 0.00021 0.00358 0.00658 0.00422 0.94379
0.00010 0.00003 0.00002 0.00001 0.04652 0.00111 0.95221
0.89486 0.00025 0.00000 0.00001 0.00002 0.00017 0.10469
0.00030 0.00000 0.00000 0.00163 0.00000 0.89029 0.10777
0.00041 0.00035 0.00002 0.00026 0.00045 0.00101 0.99750
0.00009 0.00000 0.00000 0.00002 0.00000 0.00013 0.99976
0.08463 0.00000 0.00000 0.00007 0.00000 0.06025 0.85504
0.00469 0.00003 0.00000 0.00352 0.00008 0.93410 0.05758
0.18781 0.18762 0.00000 0.00251 0.00151 0.30133 0.31922
0.00049 0.00001 0.00000 0.00011 0.00002 0.00035 0.99904
0.24306 0.00026 0.00004 0.00126 0.00043 0.07761 0.67735
0.24848 0.00000 0.00000 0.00002 0.00156 0.03924 0.71069
0.00003 0.00000 0.00000 0.00000 0.00000 0.00014 0.99983
0.00000 0.00000 0.00000 0.00000 0.00000 0.99999 0.00000
0.02973 0.00044 0.00000 0.01210 0.00089 0.12504 0.83181
0.02474 0.01049 0.00000 0.00283 0.87474 0.01425 0.07296
0.26373 0.00029 0.00000 0.00053 0.00013 0.51753 0.21779
0.72644 0.00071 0.00000 0.00251 0.00102 0.00732 0.26200
0.00172 0.00243 0.00001 0.00374 0.00012 0.62788 0.36410
0.00001 0.00000 0.00000 0.00000 0.00102 0.02619 0.97278
0.50842 0.06470 0.00021 0.02481 0.00758 0.29510 0.09919
0.01257 0.00012 0.00000 0.00002 0.00001 0.00019 0.98709
0.74732 0.00000 0.00000 0.00010 0.00070 0.16289 0.08900
0.44896 0.00020 0.00000 0.00176 0.00010 0.12971 0.41926
0.00011 0.00000 0.00000 0.00157 0.00000 0.99635 0.00197
0.00006 0.00003 0.00001 0.00002 0.01636 0.01812 0.96540
0.90828 0.00000 0.00000 0.00005 0.00000 0.01263 0.07904
0.35982 0.00790 0.00009 0.02161 0.00361 0.00717 0.59981
0.82767 0.00001 0.00000 0.00034 0.00000 0.00024 0.17174
0.32033 0.00002 0.00000 0.00021 0.00105 0.26391 0.41447
0.00830 0.00001 0.00000 0.00002 0.00190 0.04707 0.94271
0.01567 0.00000 0.00000 0.00000 0.00002 0.00172 0.98259
0.00001 0.00000 0.00000 0.00000 0.10111 0.00487 0.89401
0.61377 0.00030 0.00000 0.03804 0.00010 0.01481 0.33298
0.00983 0.00233 0.00055 0.00596 0.00134 0.02115 0.95885
0.00009 0.00002 0.00004 0.00279 0.00062 0.99508 0.00136
0.00000 0.00000 0.00000 0.00000 0.00001 0.00011 0.99988
0.20910 0.00001 0.00000 0.00002 0.00000 0.00051 0.79037
0.83361 0.00000 0.00000 0.00052 0.00003 0.08411 0.08173
0.38320 0.00000 0.00000 0.00199 0.00001 0.16224 0.45256
0.07424 0.00002 0.00002 0.00017 0.00141 0.88013 0.04402
0.09616 0.00048 0.00001 0.00192 0.00039 0.07139 0.82965
0.07548 0.00006 0.00006 0.02455 0.00057 0.85259 0.04669
0.95558 0.02070 0.00000 0.00247 0.00028 0.00779 0.01316
0.92421 0.00053 0.00000 0.01363 0.00048 0.00134 0.05980
0.01717 0.00003 0.00000 0.00158 0.00009 0.52531 0.45582
0.87996 0.00064 0.00000 0.03193 0.00004 0.00871 0.07872
0.16822 0.00057 0.00000 0.00265 0.00128 0.00692 0.82036
0.02757 0.00013 0.00000 0.00043 0.00006 0.00313 0.96869
0.01912 0.00011 0.00002 0.30005 0.00059 0.28430 0.39580
0.32404 0.00000 0.00000 0.00015 0.00019 0.57971 0.09591
0.82095 0.00050 0.00000 0.00020 0.00109 0.10854 0.06872
0.01667 0.07221 0.00370 0.13930 0.09487 0.22049 0.45276
0.00012 0.00087 0.03647 0.00213 0.70856 0.05338 0.19847
0.00001 0.00000 0.00002 0.00002 0.80762 0.00766 0.18466
0.00036 0.00002 0.00000 0.00000 0.00017 0.00013 0.99931
0.24122 0.01428 0.00010 0.65988 0.00562 0.07039 0.00851
0.00039 0.00001 0.00000 0.00000 0.00450 0.00003 0.99507
0.02977 0.00020 0.00001 0.00030 0.00176 0.07992 0.88804
0.00406 0.00172 0.00036 0.00125 0.05921 0.05019 0.88321
0.00121 0.00002 0.00015 0.00001 0.01531 0.12325 0.86005
0.09421 0.00014 0.00000 0.00003 0.00004 0.00045 0.90513
0.00471 0.00003 0.00000 0.00007 0.00011 0.00332 0.99176
0.32961 0.00000 0.00000 0.00032 0.00004 0.45737 0.21265
0.00070 0.00000 0.00000 0.00005 0.00000 0.92186 0.07739
0.00000 0.00000 0.00000 0.00000 0.97052 0.00005 0.02943
0.96884 0.00000 0.00000 0.00001 0.00000 0.00000 0.03115
0.00006 0.00029 0.00013 0.00007 0.00183 0.00305 0.99458
0.00095 0.00000 0.00000 0.00001 0.00112 0.98964 0.00827
0.00065 0.00000 0.00000 0.00784 0.00000 0.98866 0.00284
0.00303 0.00119 0.00000 0.00002 0.00063 0.02282 0.97231
0.00000 0.00000 0.00000 0.00002 0.99218 0.00008 0.00773
0.00891 0.00004 0.00020 0.00002 0.00767 0.39129 0.59187
0.00149 0.00326 0.00024 0.00021 0.30006 0.00550 0.68925
0.10688 0.01355 0.00016 0.01895 0.01367 0.09439 0.75240
0.29246 0.00681 0.00018 0.01020 0.00175 0.61845 0.07015
0.01733 0.00017 0.00000 0.00015 0.01769 0.16485 0.79981
0.11077 0.00129 0.00055 0.00441 0.00416 0.57828 0.30053
0.02973 0.00000 0.00000 0.00003 0.00002 0.95301 0.01721
0.00002 0.00033 0.01536 0.00004 0.27370 0.00078 0.70977
0.00009 0.00001 0.00209 0.00015 0.00043 0.99671 0.00052
0.00211 0.00003 0.00002 0.00002 0.00102 0.00112 0.99568
0.01376 0.00014 0.00005 0.00062 0.00100 0.23006 0.75437
0.04823 0.00000 0.00000 0.00001 0.00000 0.00071 0.95105
0.05517 0.00145 0.00010 0.00970 0.00052 0.01158 0.92148
0.00003 0.00000 0.00000 0.00013 0.00000 0.99971 0.00012
0.43080 0.00131 0.00000 0.00124 0.00057 0.01028 0.55578
0.84809 0.07345 0.00000 0.00325 0.00414 0.01037 0.06069
0.00026 0.00598 0.00003 0.00003 0.00010 0.00351 0.99008
0.15752 0.00023 0.00000 0.00154 0.00001 0.00051 0.84019
0.00429 0.00000 0.00000 0.00002 0.00002 0.11165 0.88402
0.00671 0.00957 0.00000 0.00000 0.00001 0.00032 0.98340
0.01308 0.00000 0.00000 0.00066 0.00064 0.58655 0.39908
0.04102 0.00007 0.00000 0.00011 0.00099 0.00231 0.95550
0.00005 0.00003 0.00000 0.00000 0.00004 0.00064 0.99924
0.60132 0.04029 0.00016 0.02216 0.00410 0.17814 0.15383
0.00146 0.00000 0.00000 0.00000 0.00000 0.00137 0.99716
0.97866 0.00008 0.00000 0.01246 0.00001 0.00344 0.00535
0.83405 0.00005 0.00000 0.00851 0.00958 0.08368 0.06413
0.00000 0.00000 0.00001 0.00000 0.00000 0.99998 0.00000
0.19879 0.00002 0.00000 0.03093 0.00006 0.41857 0.35161
0.00129 0.00000 0.00000 0.00055 0.00010 0.94819 0.04986
0.00055 0.00012 0.00017 0.00004 0.19274 0.01020 0.79617
0.00058 0.00000 0.00034 0.00012 0.07318 0.30642 0.61935
0.00877 0.00000 0.00001 0.00002 0.00025 0.18426 0.80669
0.01190 0.00093 0.01488 0.00073 0.03397 0.06718 0.87042
0.02018 0.00000 0.00000 0.00009 0.00004 0.00102 0.97867
0.11150 0.00214 0.00000 0.00106 0.00174 0.01137 0.87219
0.00263 0.00000 0.00000 0.00061 0.00002 0.99556 0.00118
0.00322 0.00000 0.00000 0.00001 0.00042 0.83150 0.16485
0.05866 0.00007 0.00000 0.00083 0.00187 0.04242 0.89614
0.00439 0.01109 0.00736 0.01018 0.01523 0.04141 0.91033
0.39180 0.00989 0.00009 0.01749 0.12457 0.10763 0.34853
0.00031 0.39976 0.05664 0.00047 0.03902 0.38025 0.12354
0.00024 0.00025 0.00004 0.00020 0.00008 0.98884 0.01034
0.95730 0.00307 0.00000 0.00060 0.00010 0.00086 0.03807
0.02047 0.68709 0.00234 0.00358 0.00903 0.25043 0.02706
0.25605 0.00052 0.00000 0.02137 0.00016 0.00049 0.72141
0.98976 0.00001 0.00000 0.00004 0.00001 0.00108 0.00911
0.00080 0.00000 0.00000 0.00001 0.00064 0.00250 0.99605
0.00016 0.00000 0.00000 0.00000 0.00001 0.99829 0.00154
0.12162 0.00001 0.00000 0.00015 0.00016 0.44079 0.43726
0.04645 0.00000 0.00000 0.00029 0.00006 0.89934 0.05386
0.60542 0.00016 0.00000 0.00053 0.00021 0.01437 0.37931
0.00442 0.00016 0.00010 0.00030 0.03940 0.02574 0.92988
0.00044 0.00004 0.00000 0.00007 0.00682 0.47737 0.51527
0.00015 0.00000 0.00000 0.00000 0.00001 0.00003 0.99981
0.00479 0.94227 0.00180 0.01040 0.02451 0.00971 0.00653
0.01209 0.00002 0.00000 0.00344 0.00007 0.09709 0.88729
0.00002 0.00000 0.00000 0.07240 0.00000 0.92670 0.00088
0.00003 0.00000 0.00000 0.00000 0.00001 0.00018 0.99979
0.00000 0.00000 0.00000 0.00001 0.98582 0.00012 0.01405
0.00058 0.01831 0.07299 0.00315 0.04788 0.13023 0.72685
0.01395 0.00101 0.00001 0.00256 0.00002 0.01340 0.96904
0.97942 0.00001 0.00000 0.00001 0.00000 0.00020 0.02036
0.00058 0.00000 0.00000 0.00000 0.00013 0.30158 0.69771
0.00000 0.00000 0.00001 0.00000 0.99972 0.00008 0.00018
0.02255 0.00182 0.00000 0.05768 0.00098 0.15271 0.76426
0.08214 0.00014 0.00000 0.21806 0.00008 0.03540 0.66418
0.00063 0.00033 0.00210 0.00026 0.93381 0.02869 0.03418
0.00059 0.00000 0.00000 0.00053 0.00006 0.99811 0.00071
0.01155 0.00001 0.00003 0.00091 0.00056 0.98257 0.00437
0.00001 0.00000 0.00000 0.00000 0.00012 0.92302 0.07684
0.00760 0.00000 0.00000 0.00008 0.00000 0.01566 0.97665
0.04044 0.00000 0.00000 0.00066 0.00067 0.48460 0.47362
0.00035 0.00001 0.00001 0.00005 0.00071 0.00047 0.99840
0.12190 0.00043 0.00002 0.07721 0.01021 0.48064 0.30959
0.00147 0.00008 0.00039 0.00056 0.55743 0.34241 0.09766
0.00657 0.00001 0.00000 0.00001 0.00000 0.00054 0.99287
0.00063 0.00000 0.00000 0.00006 0.00015 0.87215 0.12701
0.00484 0.00104 0.00009 0.00079 0.00121 0.94799 0.04404
0.01590 0.00001 0.00000 0.00069 0.00760 0.01961 0.95619
0.00000 0.00000 0.00000 0.00000 0.99971 0.00000 0.00028
0.81050 0.00024 0.00000 0.00157 0.00011 0.00374 0.18384
0.00154 0.00004 0.00006 0.00046 0.00010 0.02208 0.97571
0.65198 0.00004 0.00000 0.26416 0.00001 0.06143 0.02238
0.04623 0.00000 0.00000 0.00002 0.00000 0.00036 0.95339
0.00949 0.00003 0.00000 0.00005 0.00001 0.00131 0.98910
0.00035 0.00223 0.00011 0.00082 0.22933 0.71748 0.04968
0.00731 0.00011 0.00001 0.55877 0.00011 0.43215 0.00155
0.20229 0.00000 0.00000 0.00002 0.00002 0.00266 0.79501
0.00399 0.00002 0.00001 0.00003 0.03739 0.01817 0.94040
0.03531 0.02059 0.00004 0.00161 0.55120 0.04546 0.34578
0.00020 0.00000 0.00000 0.00000 0.00003 0.00705 0.99272
0.00005 0.00000 0.00001 0.00000 0.00013 0.00524 0.99457
0.00120 0.00017 0.00000 0.00007 0.00029 0.00075 0.99751
0.00076 0.00000 0.00001 0.00003 0.03288 0.01452 0.95180
0.03476 0.03774 0.00031 0.69982 0.00155 0.03249 0.19334
0.00000 0.00000 0.00000 0.00007 0.00000 0.99992 0.00001
0.83990 0.00171 0.00000 0.02735 0.00004 0.00684 0.12416
0.90855 0.00002 0.00000 0.00117 0.00001 0.00075 0.08951
0.00360 0.00000 0.00000 0.00005 0.00004 0.09769 0.89863
0.00000 0.00052 0.02978 0.00003 0.00473 0.48521 0.47973
0.00003 0.00000 0.00000 0.00000 0.00013 0.00334 0.99650
0.00097 0.00000 0.00000 0.00474 0.00000 0.06667 0.92761
0.01088 0.00206 0.00018 0.00192 0.00077 0.05293 0.93125
0.03458 0.00070 0.00000 0.00021 0.00033 0.00239 0.96179
0.00064 0.00038 0.00562 0.00068 0.65519 0.17269 0.16480
0.00001 0.00000 0.00000 0.00002 0.00000 0.99994 0.00002
0.00053 0.00001 0.00000 0.00015 0.00009 0.99386 0.00537
0.00329 0.00000 0.00017 0.00393 0.00017 0.99024 0.00219
0.67858 0.00002 0.00000 0.00004 0.00003 0.00592 0.31541
0.06779 0.00722 0.00000 0.00125 0.00002 0.45571 0.46802
0.00000 0.00000 0.00000 0.00000 0.00000 0.00000 1.00000
0.00116 0.00007 0.00000 0.00000 0.00001 0.17325 0.82550
0.00004 0.01560 0.00137 0.00021 0.67309 0.00914 0.30055
0.01576 0.00154 0.00007 0.00154 0.03932 0.00237 0.93940
0.00220 0.00001 0.00000 0.00002 0.00000 0.00001 0.99776
0.16904 0.00001 0.00000 0.00847 0.00013 0.75689 0.06545
0.02958 0.00213 0.00009 0.00826 0.01886 0.59109 0.35000
0.40877 0.00151 0.00016 0.08649 0.00074 0.20613 0.29619
0.00021 0.00000 0.00000 0.00001 0.00004 0.99657 0.00317
0.00136 0.00000 0.00000 0.00000 0.00310 0.01684 0.97870
0.20606 0.14231 0.00024 0.18909 0.00663 0.27673 0.17894
0.00000 0.00000 0.00000 0.00000 0.00001 0.98768 0.01231
0.00216 0.00696 0.00314 0.03951 0.00069 0.92299 0.02456
0.01493 0.00001 0.00000 0.00009 0.00003 0.00157 0.98337
0.00000 0.00000 0.00000 0.00000 0.00012 0.99850 0.00138
0.17759 0.00044 0.00000 0.00221 0.00008 0.04867 0.77101
0.00399 0.00000 0.00000 0.00009 0.00004 0.99037 0.00552
0.00053 0.00000 0.00000 0.00000 0.00056 0.00099 0.99792
0.00017 0.00001 0.00050 0.00009 0.00002 0.99898 0.00022
0.93534 0.00003 0.00000 0.00041 0.00002 0.00799 0.05620
0.98487 0.00001 0.00000 0.00013 0.00000 0.00633 0.00865
0.64031 0.00539 0.00000 0.00403 0.00305 0.00799 0.33922
0.01476 0.00005 0.00001 0.00019 0.00016 0.19058 0.79425
0.06179 0.00002 0.00003 0.00342 0.00024 0.59302 0.34147
0.14431 0.00009 0.00002 0.00068 0.00012 0.68312 0.17166
0.07386 0.00009 0.00000 0.00020 0.00012 0.00016 0.92556
0.01314 0.00000 0.00000 0.00023 0.00000 0.92477 0.06185
0.00585 0.00175 0.00001 0.00051 0.00290 0.00049 0.98849
0.00014 0.00040 0.00080 0.00007 0.93264 0.01272 0.05324
0.00007 0.00000 0.00000 0.00002 0.00000 0.99972 0.00018
0.11778 0.01071 0.00039 0.81856 0.00098 0.01747 0.03410
0.07906 0.00001 0.00025 0.00342 0.00082 0.91498 0.00145
0.00915 0.00001 0.00000 0.00216 0.00255 0.75450 0.23163
0.00050 0.00000 0.00000 0.00003 0.00002 0.00327 0.99618
0.00000 0.00000 0.00001 0.00000 0.96792 0.02352 0.00855
0.43309 0.00001 0.00000 0.00014 0.00019 0.27341 0.29315
0.00531 0.00000 0.00000 0.00022 0.00014 0.91854 0.07579
0.08882 0.00005 0.00001 0.00477 0.00416 0.71016 0.19202
0.20414 0.00036 0.00003 0.00212 0.00918 0.16428 0.61991
0.66310 0.03118 0.00000 0.00577 0.00004 0.03718 0.26274
0.00000 0.00000 0.00000 0.00000 0.00000 0.99997 0.00002
0.62580 0.00040 0.00079 0.07909 0.00016 0.26842 0.02534
0.86880 0.00234 0.00004 0.05186 0.00021 0.02900 0.04775
0.00016 0.00002 0.00000 0.00140 0.00001 0.01230 0.98610
0.00014 0.00020 0.00007 0.00019 0.99622 0.00176 0.00141
0.00016 0.00020 0.00013 0.00008 0.00352 0.00183 0.99409
0.07472 0.01449 0.00203 0.06653 0.58659 0.02339 0.23226
0.01579 0.00002 0.00000 0.00011 0.00001 0.00013 0.98393
0.12219 0.05081 0.00540 0.49580 0.00586 0.27574 0.04419
0.00056 0.00046 0.00004 0.00058 0.01845 0.00093 0.97898
0.00000 0.00000 0.00000 0.00000 0.99722 0.00000 0.00278
0.00001 0.00000 0.00000 0.00001 0.99638 0.00003 0.00356
0.38647 0.00306 0.00000 0.29889 0.00000 0.23941 0.07217
0.04563 0.00000 0.00000 0.00002 0.00013 0.87105 0.08317
0.00069 0.54078 0.00045 0.27814 0.00021 0.13990 0.03982
0.11113 0.00010 0.00001 0.00323 0.00217 0.07792 0.80543
0.00001 0.00000 0.00000 0.00000 0.00002 0.00114 0.99882
0.00003 0.00000 0.00000 0.00000 0.00025 0.00203 0.99769
0.01508 0.00014 0.00006 0.00012 0.00472 0.06846 0.91141
0.15463 0.00033 0.00000 0.00589 0.00013 0.51396 0.32505
0.00809 0.00012 0.00000 0.98944 0.00001 0.00111 0.00123
0.00002 0.00000 0.00000 0.00000 0.00013 0.00000 0.99984
0.66176 0.00020 0.00008 0.00212 0.00154 0.11213 0.22218
0.00001 0.00004 0.00028 0.00004 0.99133 0.00670 0.00160
0.02023 0.04733 0.05399 0.03134 0.52134 0.07399 0.25178
0.02183 0.00009 0.00004 0.00014 0.00565 0.00337 0.96888
0.02445 0.00000 0.00000 0.00020 0.00004 0.25573 0.71958
0.00000 0.00000 0.00000 0.00001 0.00000 0.99995 0.00004
0.03865 0.00000 0.00000 0.00003 0.00007 0.01120 0.95005
0.41904 0.01696 0.00000 0.00047 0.00305 0.00350 0.55697
0.00166 0.00222 0.00126 0.00127 0.02872 0.00593 0.95892
0.08250 0.00009 0.00012 0.00498 0.00389 0.84063 0.06780
0.00065 0.00000 0.00003 0.00024 0.00014 0.99888 0.00006
0.00412 0.00096 0.00001 0.00007 0.00048 0.01211 0.98225
0.23961 0.00002 0.00000 0.00041 0.00020 0.01683 0.74293
0.00000 0.00000 0.00000 0.00000 0.00000 0.99989 0.00011
0.00922 0.00010 0.00002 0.00593 0.00066 0.23286 0.75121
0.21654 0.00005 0.00000 0.00002 0.00003 0.00037 0.78299
0.05650 0.00023 0.00000 0.00123 0.00025 0.05611 0.88567
0.00001 0.00000 0.00000 0.00006 0.00029 0.99926 0.00038
0.00355 0.00000 0.00000 0.00001 0.00005 0.89286 0.10352
0.00002 0.00001 0.00000 0.00000 0.00000 0.97235 0.02761
0.20884 0.00000 0.00000 0.00260 0.00007 0.75201 0.03648
0.00138 0.00002 0.00000 0.00154 0.00001 0.90314 0.09391
0.00026 0.00000 0.00001 0.00001 0.00147 0.00034 0.99791
0.00050 0.00005 0.00001 0.00007 0.00098 0.02866 0.96974
0.00052 0.00013 0.00002 0.00099 0.00165 0.00435 0.99234
0.09858 0.00193 0.00001 0.00064 0.00353 0.09828 0.79704
0.00007 0.00000 0.00011 0.00010 0.04271 0.69339 0.26362
0.06776 0.00309 0.00001 0.00251 0.00157 0.01819 0.90686
0.00943 0.00196 0.00109 0.04767 0.02637 0.70375 0.20972
0.00007 0.00000 0.00000 0.00444 0.00000 0.95522 0.04026
0.00859 0.00949 0.02190 0.04760 0.01378 0.85182 0.04682
0.47549 0.00095 0.00101 0.04543 0.00705 0.38341 0.08666
0.01645 0.00000 0.00000 0.00000 0.00003 0.00076 0.98277
0.00906 0.00038 0.00030 0.00166 0.00029 0.13692 0.85140
0.93197 0.00001 0.00000 0.00001 0.00000 0.00001 0.06801
0.31878 0.00080 0.00000 0.44922 0.00129 0.00636 0.22355
0.00627 0.00713 0.00651 0.00008 0.00770 0.41194 0.56037
0.41069 0.00747 0.00010 0.01067 0.00363 0.49532 0.07211
0.63179 0.00457 0.00002 0.22088 0.00161 0.01328 0.12785
0.00000 0.00000 0.00001 0.00000 0.00017 0.00006 0.99976
0.01358 0.00009 0.00000 0.00009 0.00002 0.00045 0.98577
0.00000 0.00000 0.00000 0.00787 0.00000 0.99212 0.00000
0.02245 0.00013 0.00000 0.00002 0.00000 0.00086 0.97653
0.01680 0.00002 0.00000 0.00003 0.00014 0.01046 0.97255
0.56189 0.00537 0.00000 0.01026 0.00009 0.01473 0.40767
0.12002 0.00016 0.00000 0.00012 0.00004 0.00079 0.87887
0.00034 0.00003 0.00025 0.00011 0.00030 0.99744 0.00154
0.00972 0.00000 0.00000 0.00000 0.00000 0.00638 0.98390
0.89186 0.00003 0.00000 0.00176 0.00036 0.06276 0.04323
0.84788 0.00637 0.00001 0.00548 0.00175 0.01004 0.12846
0.39649 0.00000 0.00000 0.00007 0.00004 0.26096 0.34245
0.00001 0.00001 0.00001 0.00000 0.00190 0.00037 0.99770
0.00005 0.00000 0.00001 0.00213 0.00006 0.99775 0.00001
0.00123 0.00308 0.00001 0.00019 0.79540 0.01215 0.18794
0.96444 0.00000 0.00000 0.00001 0.00001 0.00067 0.03487
0.00704 0.00003 0.00078 0.00195 0.00003 0.10355 0.88662
0.87682 0.00001 0.00000 0.00026 0.00018 0.03779 0.08493
0.00015 0.00000 0.00017 0.00047 0.00006 0.99014 0.00901
0.25871 0.00123 0.00000 0.03129 0.00002 0.00140 0.70735
0.06687 0.00048 0.00001 0.77773 0.00049 0.06804 0.08639
0.99111 0.00003 0.00000 0.00128 0.00003 0.00366 0.00390
0.00018 0.00003 0.00003 0.00001 0.00070 0.00014 0.99892
0.00088 0.00000 0.00000 0.00000 0.00000 0.02239 0.97673
0.10672 0.00530 0.00000 0.59292 0.00443 0.11619 0.17443
0.01384 0.00000 0.00000 0.00001 0.00000 0.00016 0.98599
0.00071 0.00000 0.00000 0.00010 0.00062 0.99521 0.00336
0.00007 0.00000 0.00000 0.00000 0.00002 0.99896 0.00095
0.00017 0.00033 0.00008 0.00015 0.99264 0.00505 0.00157
0.59251 0.00196 0.00003 0.01141 0.00006 0.28188 0.11215
0.00000 0.00000 0.00005 0.00000 0.98762 0.00158 0.01075
0.00002 0.00000 0.00000 0.00000 0.00011 0.00000 0.99987
0.31632 0.00005 0.00000 0.00385 0.00009 0.12750 0.55218
0.00000 0.00000 0.00000 0.00000 0.00225 0.00010 0.99764
0.03341 0.00010 0.00042 0.00044 0.35719 0.32502 0.28342
0.05176 0.00001 0.00000 0.00002 0.00156 0.04780 0.89884
0.01618 0.00000 0.00000 0.00087 0.00000 0.62547 0.35748
0.00326 0.00000 0.00000 0.00004 0.00001 0.96405 0.03264
0.00004 0.00000 0.00000 0.00000 0.00006 0.00017 0.99973
0.01769 0.00002 0.00000 0.00004 0.00007 0.00035 0.98183
0.22230 0.00008 0.00000 0.00008 0.00006 0.61109 0.16640
0.01414 0.00000 0.00000 0.00001 0.00002 0.91522 0.07062
0.00348 0.00001 0.00000 0.00001 0.00001 0.00011 0.99638
0.13841 0.22039 0.00000 0.00085 0.00014 0.00170 0.63851
0.00198 0.00369 0.02200 0.00191 0.07099 0.61514 0.28429
0.02160 0.00655 0.00391 0.00166 0.04648 0.06101 0.85879
0.24286 0.01028 0.00002 0.24468 0.00142 0.06366 0.43707
0.00711 0.00000 0.00002 0.00113 0.00998 0.96355 0.01820
0.00504 0.02300 0.03820 0.00694 0.45197 0.03250 0.44235
0.00259 0.00002 0.00000 0.00000 0.00001 0.00028 0.99709
0.01015 0.04986 0.01706 0.09904 0.00861 0.29873 0.51655
0.20748 0.00286 0.00000 0.00056 0.19573 0.53751 0.05586
0.00000 0.00000 0.00000 0.00000 0.00000 0.00000 1.00000
0.02508 0.01011 0.00051 0.37471 0.00081 0.55653 0.03226
0.90454 0.00156 0.00002 0.01078 0.00138 0.03686 0.04486
0.02603 0.00014 0.00002 0.00015 0.09085 0.11109 0.77172
0.00000 0.00000 0.00000 0.00000 0.00000 0.00006 0.99993
0.00901 0.00004 0.00001 0.00721 0.00270 0.02842 0.95262
0.86553 0.00002 0.00000 0.00387 0.00002 0.11366 0.01691
0.81563 0.00056 0.00001 0.04194 0.00022 0.04017 0.10147
0.08971 0.00020 0.00000 0.00053 0.00074 0.06059 0.84823
0.99775 0.00000 0.00000 0.00000 0.00000 0.00001 0.00223
0.17792 0.00201 0.00000 0.00070 0.00013 0.00261 0.81663
0.10459 0.00041 0.00005 0.03892 0.00025 0.56344 0.29233
0.01720 0.00030 0.00000 0.00005 0.00068 0.01858 0.96319
0.00296 0.00005 0.00100 0.00165 0.00009 0.99307 0.00118
0.07544 0.00459 0.00004 0.68075 0.00034 0.06611 0.17274
0.02671 0.05932 0.00017 0.87826 0.00042 0.01477 0.02035
0.11212 0.00088 0.00045 0.06501 0.00085 0.68760 0.13309
0.00123 0.00011 0.00013 0.00008 0.00104 0.95095 0.04646
0.86869 0.03616 0.00000 0.00702 0.00015 0.00140 0.08660
0.00257 0.00000 0.00000 0.00003 0.04419 0.00164 0.95157
0.00042 0.00001 0.00000 0.00027 0.70936 0.01037 0.27957
0.00000 0.00000 0.00000 0.00000 0.00000 1.00000 0.00000
0.00173 0.00001 0.00000 0.00049 0.00011 0.98220 0.01545
0.18718 0.00001 0.00000 0.00034 0.00000 0.00082 0.81165
0.00541 0.00024 0.00000 0.00055 0.03186 0.00396 0.95798
0.35638 0.05062 0.00351 0.09251 0.00136 0.24986 0.24576
0.00001 0.00000 0.00000 0.00000 0.00000 0.99944 0.00055
0.00064 0.00016 0.00003 0.00014 0.03332 0.00104 0.96468
0.00118 0.00001 0.00000 0.00022 0.00020 0.97342 0.02497
0.94541 0.00004 0.00000 0.00212 0.00001 0.02373 0.02869
0.00056 0.00009 0.00083 0.00023 0.06827 0.70515 0.22488
0.00001 0.00000 0.00001 0.00009 0.00116 0.81203 0.18670
0.00172 0.00002 0.00000 0.00003 0.01335 0.03295 0.95194
0.93815 0.00000 0.00000 0.00001 0.00000 0.00026 0.06158
0.19620 0.00001 0.00000 0.00004 0.00023 0.02719 0.77633
0.92922 0.01406 0.00000 0.00055 0.00002 0.00110 0.05505
0.04027 0.00030 0.00001 0.00353 0.00038 0.92821 0.02730
0.01527 0.00028 0.00046 0.00229 0.00838 0.76870 0.20461
0.00811 0.00000 0.00000 0.00285 0.00000 0.00670 0.98235
0.02305 0.00766 0.00117 0.03808 0.00521 0.04513 0.87971
0.00002 0.00005 0.00078 0.00011 0.86904 0.00766 0.12234
0.00080 0.00000 0.00000 0.00000 0.00001 0.00006 0.99913
0.27240 0.02005 0.00172 0.03062 0.39064 0.22232 0.06224
0.14531 0.34327 0.00007 0.21551 0.00689 0.00317 0.28578
0.26540 0.04951 0.00132 0.57778 0.00306 0.05973 0.04319
0.00068 0.00000 0.00000 0.00000 0.00000 0.00454 0.99477
0.00404 0.02373 0.00152 0.00025 0.02090 0.85716 0.09240
0.00001 0.00000 0.00000 0.00000 0.00001 0.99887 0.00112
0.00039 0.00001 0.00000 0.00031 0.00024 0.99662 0.00243
0.00000 0.00000 0.00000 0.00000 0.00011 0.00010 0.99978
0.00659 0.00000 0.00000 0.00004 0.00017 0.27143 0.72177
0.00023 0.00000 0.00015 0.00007 0.96073 0.01871 0.02009
0.98329 0.00333 0.00000 0.00016 0.00000 0.00023 0.01299
0.07864 0.03486 0.00738 0.02514 0.01105 0.02908 0.81384
0.00323 0.00001 0.00000 0.00009 0.00001 0.00182 0.99485
0.18823 0.02309 0.00001 0.01309 0.00047 0.65030 0.12479
0.00100 0.00000 0.00000 0.00000 0.00000 0.99627 0.00272
0.32657 0.00001 0.00000 0.00347 0.00037 0.53459 0.13499
0.60910 0.00005 0.00000 0.15577 0.00000 0.20575 0.02932
0.03468 0.02058 0.00007 0.71124 0.00417 0.02637 0.20288
0.89035 0.00001 0.00000 0.00011 0.00016 0.01984 0.08951
