# Country Folk Indie Jazz Metal Pop Rock
0.02035 0.22960 0.00149 0.04015 0.53375 0.14230 0.03235
0.02782 0.16071 0.04046 0.02843 0.16066 0.34201 0.23991
0.00148 0.99815 0.00012 0.00002 0.00001 0.00010 0.00011
0.03462 0.28859 0.14610 0.06583 0.00711 0.34579 0.11196
0.10745 0.03498 0.05116 0.07665 0.09768 0.05776 0.57431
0.00004 0.00057 0.00000 0.00077 0.98144 0.00038 0.01679
0.72346 0.00877 0.00457 0.01332 0.00202 0.01296 0.23490
0.00502 0.02159 0.00303 0.05150 0.00061 0.89462 0.02363
0.00726 0.01195 0.17196 0.00488 0.09257 0.61043 0.10095
0.02964 0.32594 0.07566 0.10703 0.28561 0.03553 0.14059
0.00057 0.00683 0.04432 0.00072 0.00253 0.93879 0.00625
0.01017 0.41069 0.01733 0.00231 0.38401 0.01757 0.15793
0.00026 0.00039 0.00160 0.00539 0.00024 0.97471 0.01742
0.02295 0.00366 0.00249 0.91616 0.00020 0.03219 0.02234
0.50619 0.03779 0.17984 0.00284 0.00902 0.02372 0.24061
0.55204 0.00081 0.00224 0.00468 0.00032 0.00702 0.43288
0.00116 0.00089 0.07183 0.02320 0.10153 0.66161 0.13977
0.00054 0.04089 0.78099 0.00012 0.00109 0.01364 0.16273
0.03410 0.09346 0.02060 0.00755 0.30541 0.05809 0.48079
0.41043 0.01090 0.04309 0.10460 0.00671 0.04500 0.37926
0.52087 0.00399 0.03771 0.00144 0.00950 0.00529 0.42120
0.08496 0.56299 0.30682 0.01064 0.00041 0.02865 0.00553
0.00350 0.00126 0.00079 0.00555 0.03348 0.00547 0.94994
0.00002 0.00025 0.99938 0.00000 0.00001 0.00010 0.00024
0.00001 0.00012 0.00000 0.00004 0.99913 0.00011 0.00059
0.10744 0.17160 0.02010 0.16048 0.04120 0.01343 0.48575
0.00289 0.04669 0.02666 0.03454 0.21382 0.01748 0.65791
0.00007 0.00193 0.00000 0.00002 0.99742 0.00008 0.00047
0.05004 0.14710 0.07777 0.41881 0.00857 0.24702 0.05069
0.95686 0.00446 0.00021 0.00847 0.00007 0.00128 0.02865
0.00016 0.98026 0.00545 0.00004 0.00817 0.00053 0.00539
0.09589 0.16311 0.01009 0.07466 0.06118 0.18347 0.41158
0.00046 0.00116 0.00016 0.00251 0.98723 0.00107 0.00741
0.65167 0.02900 0.06325 0.07106 0.00070 0.11121 0.07311
0.19054 0.00165 0.00006 0.80112 0.00003 0.00437 0.00224
0.00122 0.00510 0.00633 0.02665 0.00165 0.95607 0.00297
0.49940 0.00648 0.00544 0.00598 0.00092 0.01596 0.46582
0.04691 0.52366 0.03944 0.10415 0.00007 0.26450 0.02127
0.02964 0.32594 0.07566 0.10703 0.28561 0.03553 0.14059
0.54429 0.22919 0.00649 0.04974 0.00251 0.01185 0.15594
0.00185 0.03794 0.27969 0.00249 0.01262 0.00715 0.65827
0.00056 0.00499 0.00337 0.00728 0.05101 0.29116 0.64163
0.02306 0.42025 0.04100 0.14302 0.21419 0.02387 0.13461
0.03903 0.28619 0.08077 0.01277 0.18478 0.03742 0.35904
0.04033 0.02648 0.35642 0.00104 0.00305 0.55508 0.01760
0.01646 0.57888 0.00422 0.14257 0.00007 0.24273 0.01507
0.00551 0.05931 0.11642 0.02809 0.26756 0.02982 0.49329
0.00211 0.00321 0.02837 0.01179 0.02529 0.89945 0.02977
0.00005 0.99991 0.00002 0.00000 0.00000 0.00001 0.00001
0.00365 0.97845 0.00047 0.00002 0.01584 0.00008 0.00148
0.60662 0.01482 0.26629 0.00109 0.00120 0.00915 0.10081
0.00854 0.00771 0.01748 0.05784 0.00705 0.46770 0.43369
0.00001 0.00035 0.00001 0.00003 0.99751 0.00043 0.00166
0.40306 0.01767 0.00414 0.09507 0.00091 0.03920 0.43995
0.07047 0.02842 0.18453 0.00667 0.04263 0.02314 0.64414
0.01242 0.33535 0.00426 0.00225 0.43900 0.18896 0.01776
0.00013 0.00016 0.00423 0.01854 0.00968 0.96314 0.00412
0.00370 0.22353 0.09628 0.00080 0.01455 0.00577 0.65538
0.00586 0.00106 0.00009 0.76830 0.00020 0.22115 0.00333
0.00811 0.00526 0.00110 0.91232 0.00001 0.06948 0.00373
0.00382 0.01975 0.04021 0.00518 0.27516 0.10800 0.54787
0.18279 0.04368 0.00091 0.00103 0.00259 0.00091 0.76808
0.78185 0.02339 0.00205 0.00841 0.00088 0.00592 0.17751
0.23458 0.04560 0.04021 0.02193 0.01485 0.19737 0.44547
0.01434 0.01600 0.53893 0.00032 0.00013 0.01035 0.41994
0.00115 0.00907 0.00273 0.01005 0.91146 0.00660 0.05894
0.08178 0.00137 0.00107 0.81316 0.00140 0.03238 0.06885
0.16190 0.00132 0.03010 0.00160 0.00195 0.01286 0.79027
0.00077 0.00215 0.99661 0.00000 0.00003 0.00013 0.00030
0.07636 0.00617 0.00196 0.27913 0.00013 0.60332 0.03292
0.85776 0.00442 0.00250 0.00047 0.00008 0.00082 0.13395
0.00035 0.92022 0.00416 0.00033 0.00577 0.00081 0.06836
0.00273 0.38596 0.22482 0.00151 0.04242 0.04162 0.30094
0.02847 0.05335 0.02747 0.00764 0.00147 0.00244 0.87917
0.65958 0.00322 0.00267 0.04638 0.00102 0.00472 0.28240
0.00191 0.02140 0.11353 0.00039 0.00813 0.03511 0.81954
0.00123 0.00016 0.02052 0.33001 0.00054 0.63990 0.00764
0.00019 0.01651 0.00015 0.00040 0.89586 0.02309 0.06381
0.00011 0.99407 0.00005 0.00092 0.00023 0.00032 0.00431
0.35715 0.01115 0.01346 0.15491 0.00066 0.42824 0.03444
0.00207 0.01764 0.84431 0.00330 0.00099 0.03667 0.09501
0.00000 0.00029 0.00000 0.00001 0.99958 0.00002 0.00011
0.00090 0.13561 0.00206 0.01427 0.34476 0.00511 0.49729
0.03054 0.40649 0.36356 0.02795 0.00392 0.10377 0.06377
0.00185 0.31849 0.02825 0.00244 0.55707 0.01085 0.08104
0.76721 0.03541 0.00093 0.18319 0.00001 0.00528 0.00797
0.88091 0.01217 0.00445 0.00427 0.00245 0.05442 0.04133
0.83268 0.00613 0.00065 0.12772 0.00002 0.02646 0.00634
0.95505 0.02133 0.00024 0.00032 0.00005 0.00483 0.01819
0.00084 0.00456 0.00116 0.00429 0.96273 0.00353 0.02287
0.01108 0.00127 0.00333 0.55325 0.00422 0.29571 0.13114
0.00145 0.99427 0.00006 0.00242 0.00010 0.00093 0.00078
0.00564 0.74535 0.02319 0.03116 0.12158 0.01878 0.05430
0.00374 0.69184 0.11610 0.00582 0.00221 0.15227 0.02802
0.99195 0.00011 0.00002 0.00011 0.00001 0.00028 0.00752
0.56731 0.00885 0.00769 0.28990 0.03420 0.06937 0.02268
0.00046 0.00011 0.00000 0.97539 0.00000 0.02378 0.00025
0.00497 0.31278 0.02564 0.07678 0.00831 0.35213 0.21939
0.64294 0.25679 0.05162 0.00491 0.00105 0.02354 0.01915
0.02363 0.05054 0.01579 0.15702 0.00095 0.64827 0.10381
0.84082 0.00157 0.00018 0.11965 0.00032 0.00374 0.03372
0.16713 0.13999 0.07143 0.00238 0.00185 0.02594 0.59127
0.00155 0.36895 0.04106 0.00011 0.30723 0.00346 0.27766
0.02025 0.00845 0.76898 0.00032 0.00081 0.00289 0.19830
0.00000 0.00003 0.00000 0.00000 0.99993 0.00000 0.00003
0.00006 0.00407 0.00028 0.00001 0.98562 0.00018 0.00977
0.97531 0.00039 0.00019 0.00355 0.00004 0.00021 0.02032
0.92213 0.00069 0.00082 0.01855 0.00008 0.00298 0.05474
0.00055 0.32020 0.07686 0.00085 0.16350 0.05900 0.37904
0.00000 0.00007 0.00000 0.00001 0.99966 0.00008 0.00018
0.94353 0.00623 0.00006 0.02715 0.00017 0.00512 0.01774
0.00357 0.00219 0.00902 0.39528 0.00437 0.02541 0.56015
0.00000 0.99998 0.00000 0.00000 0.00001 0.00000 0.00000
0.00027 0.02030 0.00025 0.00186 0.44259 0.00671 0.52802
0.01192 0.86934 0.00987 0.00112 0.00824 0.02026 0.07925
0.37054 0.02334 0.27666 0.01050 0.06099 0.14723 0.11074
0.05782 0.12723 0.00084 0.40395 0.00001 0.38548 0.02468
0.00518 0.52226 0.00419 0.08424 0.03393 0.16543 0.18478
0.01851 0.23436 0.21624 0.02915 0.02501 0.00555 0.47117
0.03945 0.05560 0.57046 0.02084 0.02218 0.21034 0.08114
0.02728 0.78952 0.11234 0.00631 0.00072 0.01734 0.04649
0.00009 0.00043 0.00135 0.00211 0.00179 0.99016 0.00408
0.00022 0.00224 0.00203 0.00326 0.00234 0.86017 0.12974
0.00048 0.00015 0.00002 0.96714 0.00001 0.01925 0.01295
0.06020 0.00758 0.00206 0.82436 0.00409 0.01620 0.08552
0.00198 0.00752 0.37440 0.01965 0.00407 0.56124 0.03113
0.08240 0.02504 0.08822 0.03754 0.01048 0.17832 0.57801
0.00657 0.00091 0.00019 0.97813 0.00003 0.00336 0.01080
0.01673 0.00019 0.00048 0.91787 0.00084 0.04105 0.02284
0.09780 0.00579 0.00776 0.13610 0.00742 0.07366 0.67147
0.01124 0.12502 0.09682 0.00112 0.41618 0.03205 0.31757
0.00000 0.00079 0.00000 0.00003 0.99834 0.00011 0.00073
0.00025 0.01405 0.96432 0.00006 0.00021 0.00332 0.01779
0.20907 0.15226 0.00597 0.58946 0.00047 0.03212 0.01065
0.00433 0.04245 0.42809 0.01904 0.00786 0.48397 0.01426
0.00174 0.03554 0.00030 0.87733 0.00024 0.06872 0.01612
0.99248 0.00032 0.00010 0.00253 0.00011 0.00155 0.00291
0.96706 0.00926 0.00015 0.00148 0.00010 0.00633 0.01562
0.45342 0.06420 0.01997 0.20224 0.00166 0.13950 0.11899
0.00950 0.14863 0.59244 0.01750 0.02753 0.01204 0.19236
0.00330 0.40484 0.10723 0.00417 0.12788 0.03704 0.31554
0.36567 0.31657 0.01389 0.08851 0.00031 0.17153 0.04351
0.00381 0.82141 0.03468 0.00535 0.03142 0.00139 0.10194
0.85740 0.03584 0.03592 0.00518 0.00228 0.00517 0.05820
0.00550 0.00098 0.56688 0.02818 0.00344 0.21940 0.17562
0.00668 0.01865 0.00583 0.06720 0.09078 0.31824 0.49263
0.01061 0.06295 0.16215 0.00719 0.03903 0.03611 0.68196
0.00003 0.00012 0.00216 0.01385 0.00033 0.98250 0.00101
0.03335 0.04286 0.09025 0.00541 0.11035 0.03793 0.67985
0.86890 0.00311 0.00333 0.08075 0.00069 0.01634 0.02688
0.94834 0.00062 0.00008 0.01045 0.00004 0.00242 0.03805
0.23098 0.13927 0.49529 0.00868 0.01916 0.04670 0.05992
0.00001 0.00289 0.00001 0.00010 0.99387 0.00020 0.00292
0.00492 0.03551 0.04120 0.01749 0.42278 0.03182 0.44628
0.11092 0.00118 0.00071 0.19381 0.11469 0.01364 0.56504
0.01093 0.00799 0.01076 0.02385 0.02663 0.89695 0.02289
0.05996 0.04320 0.64027 0.01294 0.04088 0.06728 0.13548
0.58520 0.01971 0.01067 0.04074 0.00601 0.09728 0.24038
0.04219 0.01000 0.75195 0.00785 0.00223 0.01159 0.17418
0.02964 0.32594 0.07566 0.10703 0.28561 0.03553 0.14059
0.01924 0.16588 0.47768 0.04678 0.04428 0.02674 0.21940
0.00018 0.07226 0.00286 0.00007 0.92199 0.00016 0.00248
0.72264 0.00013 0.00006 0.19699 0.00006 0.00196 0.07816
0.04510 0.14438 0.63736 0.00099 0.00013 0.09420 0.07785
0.98664 0.00657 0.00002 0.00006 0.00001 0.00037 0.00634
0.01438 0.07303 0.00077 0.00581 0.06674 0.01414 0.82512
0.01110 0.27820 0.00486 0.05116 0.00461 0.63841 0.01167
0.89812 0.00744 0.00708 0.02616 0.00074 0.00810 0.05236
0.00013 0.07432 0.00011 0.00051 0.91965 0.00062 0.00466
0.01072 0.00867 0.04811 0.00367 0.00638 0.01312 0.90932
0.00009 0.00245 0.00003 0.00026 0.98939 0.00214 0.00563
0.00135 0.00445 0.00062 0.00124 0.93275 0.00374 0.05586
0.00014 0.00591 0.00153 0.00052 0.95766 0.00143 0.03281
0.00162 0.00231 0.00162 0.90060 0.00018 0.07214 0.02153
0.00371 0.00263 0.05058 0.00405 0.00590 0.05292 0.88022
0.00048 0.01060 0.00162 0.00054 0.10467 0.00169 0.88039
0.00578 0.01501 0.22592 0.00508 0.00075 0.02099 0.72647
0.00001 0.00008 0.00001 0.00001 0.99971 0.00004 0.00014
0.04173 0.04053 0.00844 0.02131 0.57376 0.17740 0.13681
0.53965 0.37902 0.03005 0.00103 0.00008 0.00495 0.04523
0.77164 0.00393 0.00597 0.00650 0.00065 0.01294 0.19835
0.00056 0.00304 0.00051 0.00373 0.96333 0.00400 0.02483
0.08984 0.09195 0.35088 0.00080 0.00551 0.03051 0.43051
0.90087 0.00855 0.02597 0.01749 0.00499 0.01129 0.03085
0.11701 0.01048 0.00674 0.00584 0.00613 0.74838 0.10541
0.84215 0.00047 0.00052 0.00667 0.00025 0.00093 0.14902
0.00261 0.00365 0.00235 0.25327 0.00176 0.14974 0.58663
0.19795 0.01158 0.00270 0.32886 0.00039 0.01735 0.44117
0.01224 0.11821 0.33483 0.08148 0.04424 0.19454 0.21446
0.96588 0.00306 0.00009 0.01365 0.00001 0.00697 0.01034
0.00439 0.31804 0.47029 0.00204 0.13592 0.00725 0.06208
0.15372 0.02657 0.14102 0.01769 0.01604 0.17681 0.46815
0.64983 0.01478 0.00447 0.00697 0.00414 0.05933 0.26048
0.00332 0.00017 0.00001 0.98943 0.00002 0.00524 0.00183
0.13358 0.10816 0.01366 0.04708 0.00009 0.37869 0.31874
0.02242 0.00348 0.00152 0.00229 0.04353 0.24649 0.68027
0.00092 0.97671 0.00085 0.00753 0.00074 0.01180 0.00146
0.01657 0.04573 0.04572 0.32099 0.00039 0.37768 0.19292
0.01020 0.01315 0.00019 0.94364 0.00014 0.02204 0.01064
0.00942 0.47515 0.43221 0.00465 0.04864 0.01030 0.01964
0.01038 0.44970 0.49984 0.00317 0.00083 0.03371 0.00237
0.00225 0.47482 0.50165 0.00010 0.00049 0.01122 0.00947
0.93862 0.00510 0.00684 0.02399 0.00028 0.00562 0.01956
0.01757 0.01453 0.00527 0.15409 0.00404 0.76404 0.04046
0.00022 0.04934 0.00178 0.00043 0.82975 0.00252 0.11596
0.01035 0.05061 0.00071 0.90467 0.00328 0.01726 0.01312
0.12843 0.61640 0.05218 0.00261 0.00215 0.00612 0.19211
0.02964 0.32594 0.07566 0.10703 0.28561 0.03553 0.14059
0.00066 0.84038 0.01336 0.00912 0.00222 0.00068 0.13359
0.16209 0.81971 0.00880 0.00177 0.00004 0.00342 0.00419
0.00327 0.97377 0.00161 0.00476 0.00002 0.01233 0.00425
0.01549 0.19230 0.45062 0.00220 0.00753 0.01172 0.32015
0.01577 0.03086 0.02084 0.01827 0.54443 0.02065 0.34917
0.00123 0.03569 0.13808 0.00878 0.02297 0.74076 0.05249
0.36074 0.02632 0.00216 0.04138 0.03669 0.03245 0.50025
0.07040 0.03644 0.10014 0.00042 0.01159 0.01429 0.76672
0.00452 0.82240 0.01303 0.00167 0.03942 0.00379 0.11518
0.00747 0.00068 0.00061 0.43815 0.00130 0.08655 0.46523
0.00481 0.10769 0.13151 0.00971 0.00464 0.10867 0.63298
0.82839 0.00531 0.01022 0.00525 0.00005 0.00537 0.14542
0.15814 0.02413 0.02475 0.00396 0.00512 0.31070 0.47320
0.47206 0.01004 0.00156 0.01266 0.00013 0.07920 0.42435
0.21231 0.07213 0.03938 0.20826 0.03435 0.33313 0.10044
0.11437 0.01022 0.08375 0.04628 0.03430 0.02751 0.68357
0.01084 0.98854 0.00011 0.00011 0.00000 0.00018 0.00022
0.00005 0.00489 0.00015 0.00047 0.96633 0.00035 0.02777
0.01625 0.06964 0.10712 0.07017 0.06521 0.08430 0.58731
0.18518 0.00803 0.00642 0.09431 0.00229 0.65601 0.04776
0.03206 0.92631 0.00093 0.00011 0.00001 0.03837 0.00219
0.56405 0.06155 0.03173 0.00285 0.00667 0.02416 0.30900
0.00000 0.00007 0.00000 0.00000 0.99982 0.00002 0.00008
0.00002 0.00026 0.00000 0.00015 0.99863 0.00012 0.00082
0.01461 0.08871 0.03723 0.02704 0.12888 0.08021 0.62332
0.04697 0.02089 0.08248 0.00275 0.01073 0.11007 0.72612
0.00000 0.00242 0.00000 0.00005 0.99322 0.00023 0.00407
0.00063 0.00795 0.00036 0.00473 0.91981 0.00414 0.06239
0.00427 0.01010 0.00249 0.00867 0.56113 0.01076 0.40259
0.24180 0.00732 0.06911 0.23563 0.02719 0.10266 0.31629
0.00294 0.10236 0.86959 0.00027 0.00004 0.01138 0.01342
0.00296 0.98484 0.00030 0.00220 0.00014 0.00385 0.00569
0.18303 0.17937 0.24246 0.10330 0.00335 0.04232 0.24616
0.01702 0.07188 0.00999 0.03492 0.77783 0.04144 0.04692
0.00012 0.00012 0.00001 0.00009 0.99788 0.00112 0.00066
0.00569 0.26508 0.15497 0.04291 0.01849 0.10493 0.40793
0.98327 0.00574 0.00007 0.00138 0.00004 0.00036 0.00914
0.17578 0.02646 0.00636 0.09085 0.12870 0.01145 0.56040
0.00042 0.00476 0.98519 0.00012 0.00082 0.00122 0.00747
0.01186 0.02245 0.31217 0.00543 0.00883 0.58748 0.05179
0.01769 0.50704 0.01448 0.00743 0.07470 0.06374 0.31492
0.00393 0.98112 0.00739 0.00005 0.00100 0.00136 0.00516
0.00000 0.00004 0.00000 0.00001 0.99982 0.00003 0.00009
0.06940 0.32430 0.01348 0.09595 0.21624 0.18116 0.09947
0.00345 0.96631 0.00734 0.00186 0.01205 0.00124 0.00775
0.10908 0.03058 0.74580 0.00095 0.01045 0.03603 0.06712
0.00233 0.01959 0.04661 0.00211 0.01591 0.04290 0.87055
0.27453 0.00240 0.00352 0.46327 0.02634 0.13307 0.09687
0.00129 0.00064 0.00012 0.47649 0.00004 0.50832 0.01310
0.96406 0.00055 0.00005 0.00009 0.00000 0.00072 0.03454
0.00211 0.01573 0.00095 0.00045 0.92933 0.00209 0.04935
0.99766 0.00018 0.00005 0.00004 0.00000 0.00001 0.00206
0.00423 0.00006 0.00002 0.99352 0.00001 0.00124 0.00094
0.45900 0.01277 0.28490 0.00495 0.00064 0.00947 0.22827
0.00003 0.00020 0.00136 0.00076 0.00063 0.99558 0.00144
0.00002 0.00170 0.00003 0.00000 0.99795 0.00001 0.00028
0.05224 0.00619 0.01569 0.01885 0.01267 0.08808 0.80627
0.18975 0.11039 0.14955 0.01234 0.00088 0.13233 0.40477
0.00000 0.00003 0.00000 0.00001 0.99985 0.00003 0.00009
0.00880 0.02453 0.09656 0.38944 0.05459 0.18512 0.24096
0.02964 0.32594 0.07566 0.10703 0.28561 0.03553 0.14059
0.00052 0.00010 0.00017 0.00695 0.00477 0.96619 0.02130
0.00178 0.01954 0.00043 0.01341 0.17417 0.06063 0.73004
0.21403 0.00315 0.00705 0.53027 0.00477 0.04948 0.19125
0.09362 0.00190 0.00995 0.05467 0.00974 0.03041 0.79970
0.00002 0.99992 0.00002 0.00000 0.00000 0.00001 0.00002
0.00138 0.99832 0.00001 0.00013 0.00000 0.00007 0.00009
0.00004 0.00101 0.00005 0.00030 0.97689 0.00077 0.02094
0.96300 0.00087 0.00014 0.00174 0.00017 0.01401 0.02008
0.00021 0.00141 0.00015 0.00045 0.94778 0.00096 0.04904
0.98790 0.00099 0.00008 0.00047 0.00015 0.00160 0.00880
0.00002 0.00042 0.00004 0.00003 0.99912 0.00009 0.00027
0.01579 0.04887 0.76668 0.00192 0.00111 0.02350 0.14214
0.00483 0.22089 0.00200 0.00113 0.76049 0.00258 0.00807
0.13896 0.00085 0.00281 0.03029 0.00342 0.07409 0.74959
0.00572 0.04577 0.00935 0.01871 0.08150 0.05000 0.78895
0.06467 0.34936 0.01119 0.05186 0.00002 0.40117 0.12173
0.23220 0.01282 0.00193 0.25427 0.00272 0.46783 0.02823
0.00428 0.00400 0.01035 0.09117 0.00484 0.01377 0.87159
0.08639 0.02327 0.64043 0.09546 0.00620 0.02895 0.11932
0.00001 0.00325 0.00001 0.00000 0.99651 0.00002 0.00020
0.41182 0.12312 0.04554 0.14550 0.00834 0.12886 0.13682
0.02964 0.32594 0.07566 0.10703 0.28561 0.03553 0.14059
0.12282 0.28959 0.08656 0.06547 0.00977 0.24240 0.18339
0.00066 0.00186 0.00110 0.00777 0.06212 0.10965 0.81685
0.00020 0.00239 0.00071 0.00125 0.97048 0.00497 0.02000
0.00355 0.02595 0.01549 0.00739 0.00307 0.27882 0.66573
0.96315 0.00043 0.00016 0.03421 0.00002 0.00031 0.00171
0.89646 0.01596 0.00296 0.00894 0.00014 0.01067 0.06488
0.00068 0.50239 0.48927 0.00009 0.00012 0.00125 0.00620
0.49666 0.00215 0.00289 0.42409 0.00033 0.00917 0.06472
0.02964 0.32594 0.07566 0.10703 0.28561 0.03553 0.14059
0.74717 0.00175 0.00192 0.09343 0.00106 0.00087 0.15381
0.17712 0.25116 0.00270 0.20686 0.00053 0.07142 0.29021
0.68707 0.00239 0.00037 0.09193 0.00009 0.00094 0.21721
0.93930 0.00358 0.00022 0.02374 0.00003 0.00191 0.03123
0.01274 0.08806 0.33732 0.00084 0.03353 0.02087 0.50663
0.96523 0.00110 0.00111 0.00185 0.00007 0.00166 0.02899
0.00863 0.82512 0.00891 0.00151 0.05572 0.00532 0.09478
0.06300 0.80286 0.03832 0.01288 0.00028 0.03913 0.04353
0.00132 0.00084 0.00043 0.00545 0.15633 0.06963 0.76600
0.10703 0.00376 0.00170 0.18455 0.01078 0.58573 0.10644
0.07865 0.02694 0.26949 0.00706 0.00767 0.03700 0.57320
0.00060 0.00526 0.00129 0.00163 0.94782 0.00666 0.03675
0.68306 0.08018 0.05000 0.01588 0.00228 0.06200 0.10661
0.92054 0.00600 0.00147 0.00461 0.00096 0.00388 0.06253
0.01140 0.10241 0.02888 0.05731 0.10015 0.16821 0.53164
0.76721 0.03541 0.00093 0.18319 0.00001 0.00528 0.00797
0.00157 0.00099 0.00128 0.00035 0.00044 0.89963 0.09574
0.00061 0.50681 0.36172 0.00282 0.00977 0.00263 0.11563
0.02397 0.41168 0.12097 0.07833 0.18447 0.03249 0.14810
0.00216 0.93888 0.02881 0.01241 0.00088 0.01523 0.00162
0.99822 0.00010 0.00001 0.00019 0.00000 0.00003 0.00145
0.00200 0.00352 0.01506 0.00502 0.02364 0.00597 0.94479
0.00044 0.00065 0.00638 0.00307 0.10941 0.04377 0.83627
0.94194 0.03038 0.00035 0.01328 0.00011 0.00940 0.00454
0.00065 0.73455 0.25078 0.00028 0.00001 0.01269 0.00102
0.93939 0.00318 0.00061 0.00549 0.00061 0.00241 0.04833
0.00001 0.00000 0.00006 0.00035 0.00005 0.99673 0.00280
0.26808 0.49356 0.03065 0.16082 0.00017 0.03444 0.01227
0.00006 0.00087 0.00001 0.00002 0.99799 0.00072 0.00033
0.06038 0.01834 0.01029 0.01347 0.07829 0.08666 0.73257
0.25850 0.05602 0.08139 0.00356 0.03338 0.06768 0.49948
0.34168 0.45135 0.10680 0.00170 0.00025 0.00358 0.09464
0.33004 0.00227 0.00184 0.00040 0.00269 0.00036 0.66241
0.00873 0.02048 0.66115 0.00329 0.02985 0.02257 0.25394
0.98952 0.00044 0.00004 0.00107 0.00003 0.00042 0.00847
0.45181 0.00457 0.00079 0.46381 0.00154 0.00857 0.06891
0.00008 0.00183 0.99405 0.00001 0.00006 0.00030 0.00366
0.00143 0.03983 0.00389 0.00034 0.93282 0.00041 0.02127
0.02964 0.32594 0.07566 0.10703 0.28561 0.03553 0.14059
0.00302 0.83828 0.00233 0.00046 0.13028 0.00781 0.01781
0.00144 0.91395 0.00831 0.00048 0.03253 0.00071 0.04257
0.00000 0.99999 0.00000 0.00000 0.00000 0.00000 0.00000
0.25785 0.31165 0.03172 0.02424 0.02659 0.06023 0.28772
0.00001 0.00005 0.00000 0.00001 0.99965 0.00010 0.00017
0.00008 0.00074 0.00034 0.00021 0.99750 0.00042 0.00070
0.00000 0.00005 0.00000 0.00000 0.99986 0.00002 0.00007
0.00074 0.00933 0.01211 0.00416 0.00231 0.96744 0.00391
0.00799 0.01280 0.03422 0.01635 0.02492 0.87206 0.03167
0.00021 0.00325 0.01137 0.06661 0.00024 0.91601 0.00231
0.00778 0.00370 0.02577 0.00086 0.01244 0.07987 0.86957
0.13063 0.03229 0.07018 0.10547 0.00797 0.24604 0.40742
0.00175 0.00082 0.00013 0.96972 0.00004 0.02417 0.00338
0.00000 0.00089 0.00000 0.00003 0.99661 0.00015 0.00231
0.09425 0.15708 0.26377 0.02156 0.02757 0.24712 0.18865
0.00024 0.00031 0.00388 0.01345 0.00720 0.97125 0.00366
0.01058 0.04756 0.76001 0.00053 0.00440 0.04643 0.13049
0.00012 0.10008 0.00021 0.00187 0.82242 0.00131 0.07399
0.82808 0.00189 0.00167 0.00525 0.00008 0.00257 0.16044
0.00106 0.00061 0.00000 0.96667 0.00001 0.03146 0.00019
0.35323 0.02033 0.47255 0.01925 0.00162 0.01337 0.11965
0.06344 0.46460 0.00181 0.27225 0.01484 0.07843 0.10463
0.00000 0.00005 0.00000 0.00000 0.99988 0.00002 0.00005
0.00031 0.00022 0.00025 0.04897 0.00048 0.94130 0.00847
0.00275 0.00089 0.00024 0.06559 0.80782 0.02796 0.09474
0.00055 0.01482 0.00046 0.00095 0.95633 0.00321 0.02367
0.00007 0.99857 0.00071 0.00001 0.00001 0.00012 0.00051
0.03153 0.20075 0.02208 0.02262 0.49059 0.04544 0.18699
0.73915 0.05670 0.06068 0.00883 0.08948 0.00884 0.03632
0.71361 0.00174 0.00023 0.03633 0.00082 0.01515 0.23212
0.06239 0.77941 0.07953 0.00392 0.00489 0.04016 0.02971
0.06467 0.34936 0.01119 0.05186 0.00002 0.40117 0.12173
0.91902 0.04231 0.00064 0.00375 0.00046 0.02655 0.00727
0.00053 0.01485 0.00176 0.00240 0.83751 0.01686 0.12608
0.71777 0.11951 0.12259 0.00051 0.00012 0.01357 0.02594
0.00036 0.04114 0.02898 0.06219 0.02579 0.32186 0.51968
0.10085 0.62312 0.00486 0.02451 0.12922 0.06052 0.05693
0.71579 0.04408 0.00293 0.03082 0.00049 0.07802 0.12787
0.04620 0.76726 0.02125 0.02267 0.00011 0.07245 0.07005
0.00374 0.56710 0.01968 0.00080 0.37326 0.00498 0.03043
0.00398 0.00422 0.00103 0.02660 0.65243 0.02681 0.28493
0.00127 0.07704 0.00879 0.00735 0.29193 0.00582 0.60780
0.00023 0.06718 0.00028 0.00012 0.91875 0.00025 0.01318
0.00395 0.02647 0.00044 0.95709 0.00003 0.01099 0.00102
0.02002 0.28930 0.00584 0.04499 0.55599 0.06000 0.02387
0.02215 0.22451 0.57775 0.00336 0.00352 0.01539 0.15333
0.13804 0.04051 0.00100 0.73469 0.00036 0.06892 0.01649
0.24563 0.51548 0.20624 0.00131 0.00117 0.00770 0.02247
0.34676 0.06897 0.08472 0.00248 0.00180 0.26958 0.22568
0.00020 0.00338 0.99003 0.00003 0.00011 0.00358 0.00267
0.09687 0.00727 0.00143 0.88316 0.00006 0.00214 0.00908
0.01048 0.35444 0.30930 0.00333 0.04364 0.03422 0.24459
0.24373 0.00583 0.01492 0.31892 0.00013 0.01551 0.40097
0.27531 0.02837 0.00922 0.59234 0.00137 0.02885 0.06454
0.00457 0.05486 0.02695 0.01119 0.12107 0.06078 0.72058
0.00000 0.99998 0.00000 0.00000 0.00001 0.00000 0.00000
0.19066 0.03986 0.18176 0.02677 0.04730 0.03198 0.48167
0.99305 0.00057 0.00006 0.00270 0.00001 0.00019 0.00342
0.00616 0.03973 0.00035 0.00185 0.93788 0.00661 0.00742
0.71041 0.00844 0.00278 0.23780 0.00008 0.03634 0.00415
0.00001 0.00057 0.00002 0.00011 0.99725 0.00026 0.00179
0.16239 0.02677 0.07666 0.38124 0.02741 0.02434 0.30119
0.01718 0.96090 0.00493 0.00059 0.00227 0.00403 0.01011
0.00151 0.01185 0.00053 0.00021 0.75597 0.00426 0.22567
0.00393 0.28652 0.02892 0.00057 0.51121 0.00392 0.16494
0.06302 0.20659 0.46683 0.00298 0.00152 0.02647 0.23260
0.00250 0.03047 0.00924 0.02870 0.41891 0.02190 0.48827
0.01293 0.29626 0.03722 0.13668 0.00680 0.12409 0.38603
0.00011 0.00006 0.00000 0.99352 0.00000 0.00623 0.00008
0.00003 0.00307 0.00000 0.00032 0.99569 0.00015 0.00075
0.02332 0.13019 0.04864 0.57352 0.04285 0.04238 0.13911
0.00301 0.06078 0.52958 0.00274 0.05291 0.12767 0.22331
0.00204 0.03550 0.92536 0.00047 0.00050 0.02260 0.01353
0.00002 0.00081 0.00011 0.00626 0.00005 0.99246 0.00028
0.02964 0.32594 0.07566 0.10703 0.28561 0.03553 0.14059
0.94024 0.00129 0.00055 0.01269 0.00029 0.00252 0.04242
0.98939 0.00023 0.00046 0.00014 0.00015 0.00305 0.00658
0.10014 0.22404 0.41116 0.01307 0.00690 0.19721 0.04748
0.03361 0.09790 0.00019 0.58294 0.00006 0.28471 0.00058
0.99263 0.00309 0.00012 0.00015 0.00002 0.00006 0.00394
0.00025 0.02064 0.00002 0.00014 0.97716 0.00028 0.00151
0.08063 0.13594 0.73415 0.00078 0.00032 0.02640 0.02178
0.02078 0.96894 0.00025 0.00149 0.00004 0.00004 0.00844
0.00035 0.06731 0.48063 0.00505 0.00520 0.17295 0.26852
0.00642 0.20376 0.01268 0.02173 0.04285 0.55180 0.16076
0.00141 0.00195 0.00003 0.99049 0.00000 0.00554 0.00059
0.01101 0.08917 0.00100 0.00512 0.01858 0.00576 0.86937
0.78683 0.03844 0.00042 0.00285 0.00021 0.02422 0.14703
0.00000 0.00004 0.00000 0.00000 0.99987 0.00003 0.00005
0.00000 0.00002 0.00000 0.00000 0.99990 0.00002 0.00006
0.03964 0.13509 0.06384 0.13689 0.44175 0.05300 0.12980
0.00018 0.00002 0.00003 0.04311 0.00007 0.95421 0.00238
0.00001 0.99990 0.00001 0.00000 0.00001 0.00005 0.00002
0.01980 0.97354 0.00046 0.00057 0.00004 0.00267 0.00292
0.01586 0.00538 0.03951 0.04382 0.80457 0.00184 0.08902
0.10811 0.10720 0.07786 0.01643 0.02055 0.30934 0.36051
0.00162 0.00047 0.00011 0.00125 0.86497 0.01146 0.12011
0.59440 0.12886 0.21603 0.00336 0.00352 0.03406 0.01979
0.00029 0.00423 0.00017 0.00006 0.99170 0.00046 0.00309
0.13591 0.02348 0.03215 0.35673 0.02982 0.09014 0.33178
0.02185 0.19767 0.03520 0.06328 0.54571 0.03025 0.10604
0.12247 0.23723 0.27072 0.09978 0.00710 0.06523 0.19748
0.02348 0.00094 0.09797 0.00503 0.00323 0.22457 0.64477
0.32597 0.00024 0.00025 0.66003 0.00038 0.00131 0.01182
0.00003 0.01395 0.00005 0.00003 0.96730 0.00015 0.01850
0.02964 0.32594 0.07566 0.10703 0.28561 0.03553 0.14059
0.06791 0.29152 0.37310 0.02995 0.01700 0.03778 0.18275
0.00032 0.03266 0.93710 0.00082 0.00506 0.00363 0.02041
0.09192 0.49444 0.00291 0.09880 0.00387 0.28488 0.02318
0.00201 0.00744 0.00027 0.01161 0.58056 0.01813 0.37998
0.46133 0.05121 0.00628 0.18869 0.00036 0.03217 0.25996
0.01027 0.19828 0.53274 0.00226 0.11182 0.00820 0.13644
0.00000 0.99999 0.00000 0.00000 0.00000 0.00000 0.00000
0.00143 0.64106 0.07694 0.00456 0.00085 0.27144 0.00373
0.00299 0.16061 0.19322 0.00104 0.00651 0.41072 0.22492
0.09044 0.19405 0.01790 0.48596 0.00161 0.19746 0.01257
0.01157 0.01432 0.00011 0.95892 0.00070 0.00682 0.00757
0.00027 0.99893 0.00014 0.00011 0.00000 0.00051 0.00003
0.05192 0.00855 0.00045 0.70425 0.00344 0.01612 0.21527
0.00475 0.07479 0.77255 0.00173 0.01166 0.01449 0.12003
0.15838 0.02352 0.02042 0.04706 0.00611 0.55909 0.18541
0.00181 0.00184 0.00122 0.00087 0.94273 0.00099 0.05054
0.00012 0.03325 0.00672 0.00291 0.00100 0.95457 0.00143
0.02113 0.08286 0.06557 0.14810 0.00096 0.01171 0.66966
0.00248 0.01324 0.10760 0.02392 0.05516 0.04534 0.75225
0.02988 0.05559 0.11512 0.16681 0.07827 0.24818 0.30614
0.72938 0.01024 0.02310 0.00312 0.00163 0.03220 0.20033
0.00000 0.00006 0.00000 0.00000 0.99990 0.00000 0.00003
0.01071 0.76458 0.17802 0.00191 0.00003 0.00491 0.03983
0.07075 0.00245 0.00049 0.90667 0.00004 0.01355 0.00605
0.02964 0.32594 0.07566 0.10703 0.28561 0.03553 0.14059
0.00425 0.00095 0.00175 0.24812 0.01167 0.63433 0.09892
0.01931 0.00205 0.00012 0.95846 0.00036 0.01698 0.00273
0.00125 0.04463 0.81022 0.00151 0.00011 0.01617 0.12611
0.02964 0.32594 0.07566 0.10703 0.28561 0.03553 0.14059
0.96140 0.00838 0.00026 0.01871 0.00014 0.00464 0.00646
0.00001 0.00104 0.00004 0.00000 0.99881 0.00002 0.00008
0.24919 0.03580 0.05185 0.04739 0.00137 0.03008 0.58432
0.02840 0.63256 0.03238 0.09294 0.00170 0.08154 0.13047
0.00111 0.00052 0.00253 0.06373 0.00817 0.92184 0.00210
0.48378 0.00617 0.00401 0.02427 0.00057 0.03738 0.44382
0.01775 0.00980 0.00085 0.03868 0.76688 0.02266 0.14339
0.00621 0.14958 0.02623 0.00779 0.03534 0.36055 0.41429
0.00108 0.02994 0.00438 0.00103 0.23893 0.01587 0.70877
0.07504 0.01312 0.01514 0.49027 0.00060 0.01983 0.38601
0.00091 0.00637 0.00042 0.00008 0.98833 0.00139 0.00250
0.53385 0.02814 0.07968 0.17794 0.00402 0.02186 0.15451
0.00001 0.00018 0.00001 0.00008 0.99858 0.00028 0.00087
0.00055 0.01102 0.00106 0.00139 0.77284 0.01122 0.20192
0.32740 0.03408 0.14203 0.00220 0.00696 0.00094 0.48640
0.00005 0.00074 0.00004 0.00022 0.99658 0.00034 0.00204
0.24610 0.13777 0.18570 0.14479 0.03241 0.02155 0.23169
0.00108 0.06051 0.15729 0.00109 0.01620 0.05144 0.71239
0.10642 0.04341 0.06417 0.01022 0.02537 0.70368 0.04673
0.03872 0.03633 0.01701 0.00312 0.42588 0.18262 0.29632
0.00766 0.06089 0.79234 0.00516 0.01602 0.02153 0.09640
0.00546 0.13647 0.00097 0.00683 0.07664 0.00989 0.76373
0.65159 0.30879 0.01196 0.00408 0.00025 0.02047 0.00285
0.09449 0.00824 0.00748 0.76405 0.00043 0.08598 0.03933
0.60230 0.02397 0.03825 0.03383 0.00304 0.06656 0.23206
0.00352 0.44742 0.03007 0.09241 0.00062 0.32430 0.10167
0.00270 0.01100 0.03741 0.00207 0.00034 0.70022 0.24626
0.00850 0.02232 0.12399 0.00391 0.04260 0.11838 0.68030
0.07444 0.00358 0.00228 0.01075 0.00789 0.03406 0.86700
0.00835 0.00836 0.00027 0.73463 0.00014 0.24631 0.00195
0.48063 0.00036 0.00012 0.50899 0.00011 0.00242 0.00738
0.00020 0.00307 0.00047 0.00043 0.98721 0.00105 0.00757
0.01807 0.04599 0.03951 0.19058 0.05299 0.09528 0.55759
0.35871 0.22798 0.15732 0.19112 0.00115 0.00996 0.05375
0.00649 0.06603 0.00051 0.00907 0.35469 0.03706 0.52615
0.83875 0.00022 0.00011 0.14820 0.00005 0.00704 0.00565
0.04063 0.00038 0.00003 0.94591 0.00004 0.00643 0.00659
0.00005 0.00320 0.00120 0.00355 0.02516 0.43670 0.53013
0.00267 0.76807 0.20972 0.00009 0.00587 0.00156 0.01201
0.00089 0.46655 0.01270 0.22444 0.00064 0.28420 0.01058
0.00179 0.00002 0.00001 0.98602 0.00001 0.00762 0.00455
0.46459 0.03004 0.02881 0.21392 0.00537 0.10606 0.15120
0.00055 0.00012 0.00059 0.00478 0.02962 0.03626 0.92808
0.93351 0.00391 0.00113 0.00345 0.00091 0.00099 0.05609
0.00101 0.00005 0.00000 0.99866 0.00000 0.00021 0.00007
0.97960 0.00748 0.00099 0.00021 0.00007 0.00051 0.01114
0.96094 0.00030 0.00006 0.02363 0.00037 0.00119 0.01350
0.00444 0.00679 0.45371 0.00504 0.03432 0.46312 0.03258
0.99146 0.00345 0.00010 0.00016 0.00001 0.00016 0.00467
0.04567 0.09711 0.39573 0.37282 0.00459 0.06570 0.01838
0.00110 0.00140 0.00047 0.00060 0.98399 0.00574 0.00670
0.13503 0.00699 0.17127 0.00922 0.02901 0.19970 0.44878
0.34009 0.03028 0.02738 0.33143 0.08630 0.05291 0.13161
0.00868 0.01646 0.47752 0.01132 0.00460 0.02853 0.45289
0.03104 0.03400 0.34104 0.00167 0.00157 0.45785 0.13283
0.18466 0.00310 0.00790 0.09067 0.00238 0.06630 0.64500
0.00208 0.99105 0.00253 0.00219 0.00001 0.00203 0.00011
0.05795 0.71368 0.06225 0.00607 0.01389 0.01504 0.13111
0.01179 0.00256 0.11629 0.00444 0.00720 0.03697 0.82074
0.02107 0.00299 0.00248 0.01064 0.00072 0.81420 0.14791
0.07322 0.20603 0.03733 0.00183 0.24989 0.02728 0.40442
0.01883 0.00722 0.00232 0.79480 0.00044 0.12761 0.04878
0.99210 0.00108 0.00001 0.00033 0.00003 0.00005 0.00639
0.02964 0.32594 0.07566 0.10703 0.28561 0.03553 0.14059
0.09259 0.00107 0.04247 0.26604 0.02578 0.46899 0.10306
0.02964 0.32594 0.07566 0.10703 0.28561 0.03553 0.14059
0.00335 0.10760 0.00731 0.00726 0.53338 0.05935 0.28175
0.00275 0.00553 0.01008 0.00063 0.53634 0.00735 0.43731
0.98280 0.00019 0.00041 0.00630 0.00002 0.00046 0.00983
0.00904 0.05557 0.62151 0.01326 0.00211 0.10951 0.18900
0.00018 0.00220 0.00004 0.00028 0.98675 0.00119 0.00937
0.00232 0.86924 0.12228 0.00057 0.00035 0.00083 0.00442
0.38814 0.49059 0.00113 0.00057 0.00042 0.00884 0.11031
0.72072 0.18766 0.00599 0.00069 0.01432 0.01288 0.05774
0.65899 0.00142 0.00128 0.25022 0.00024 0.01434 0.07351
0.00001 0.00003 0.00051 0.00069 0.00011 0.99817 0.00047
0.00866 0.14932 0.01341 0.76945 0.00078 0.05351 0.00488
0.00048 0.00009 0.00049 0.00915 0.00127 0.98467 0.00385
0.00739 0.25421 0.23536 0.00200 0.11349 0.01322 0.37432
0.00000 0.00003 0.00000 0.00000 0.99984 0.00003 0.00009
0.00366 0.00009 0.00031 0.00405 0.17855 0.00246 0.81088
0.00052 0.00390 0.00933 0.00856 0.00296 0.76221 0.21252
0.10398 0.03338 0.66988 0.00233 0.00471 0.02594 0.15978
0.00085 0.00157 0.12355 0.01150 0.00210 0.71841 0.14202
0.00079 0.00463 0.02402 0.00481 0.00118 0.95752 0.00705
0.00000 0.00004 0.00000 0.00000 0.99993 0.00000 0.00002
0.03002 0.00239 0.00245 0.61034 0.00474 0.22580 0.12427
0.86924 0.00085 0.00007 0.04391 0.00052 0.00734 0.07807
0.00212 0.00126 0.00500 0.04045 0.00107 0.01390 0.93620
0.00633 0.00036 0.00024 0.92236 0.00014 0.05307 0.01751
0.02107 0.04509 0.50820 0.00683 0.02799 0.04185 0.34896
0.99019 0.00094 0.00004 0.00115 0.00006 0.00022 0.00741
0.00352 0.00250 0.00003 0.98633 0.00001 0.00721 0.00040
0.87316 0.01167 0.00873 0.04616 0.00431 0.02654 0.02942
0.02605 0.05260 0.01771 0.03598 0.00597 0.43184 0.42985
0.00158 0.17647 0.00463 0.00148 0.63110 0.11571 0.06901
0.03640 0.03934 0.07023 0.00875 0.01848 0.01192 0.81487
0.01562 0.09962 0.47954 0.00348 0.02317 0.06233 0.31624
0.01614 0.00221 0.00177 0.18329 0.00019 0.70570 0.09070
0.14544 0.00379 0.00658 0.01089 0.02499 0.01983 0.78848
0.83984 0.09089 0.00475 0.05501 0.00134 0.00162 0.00655
0.01771 0.57999 0.04118 0.09287 0.12390 0.02048 0.12386
0.00537 0.36381 0.26248 0.00267 0.00069 0.03452 0.33046
0.42007 0.14698 0.00229 0.31901 0.00093 0.10467 0.00606
0.00167 0.06126 0.07039 0.00442 0.00102 0.00206 0.85918
0.36369 0.00627 0.00017 0.09549 0.00053 0.52474 0.00911
0.35573 0.11085 0.06957 0.40756 0.00161 0.03066 0.02402
0.00412 0.09292 0.22203 0.00567 0.39157 0.03946 0.24422
0.93921 0.00800 0.00495 0.00176 0.00035 0.00441 0.04132
0.78551 0.13888 0.04398 0.00858 0.00332 0.00592 0.01380
0.01202 0.02611 0.87675 0.00232 0.05301 0.00976 0.02002
0.94056 0.00059 0.00005 0.00513 0.00022 0.00038 0.05308
0.02099 0.06766 0.72314 0.00517 0.00300 0.10750 0.07255
0.12058 0.17751 0.07700 0.04727 0.00488 0.38755 0.18521
0.00019 0.00246 0.00059 0.01018 0.96896 0.00240 0.01522
0.33331 0.01166 0.03115 0.47736 0.00293 0.02927 0.11432
0.00002 0.00022 0.00000 0.00003 0.99912 0.00013 0.00047
0.76406 0.00495 0.00098 0.01844 0.00093 0.01055 0.20009
0.00012 0.01125 0.00019 0.00058 0.91882 0.00143 0.06762
0.00013 0.01374 0.00062 0.00015 0.84340 0.00203 0.13992
0.59301 0.27167 0.00867 0.08438 0.00052 0.03174 0.01002
0.09132 0.01178 0.06890 0.07187 0.07479 0.62682 0.05454
0.56781 0.00629 0.06935 0.02349 0.00510 0.03956 0.28841
0.11269 0.02184 0.04921 0.02471 0.00251 0.07517 0.71387
0.96065 0.00806 0.00111 0.00905 0.00030 0.00524 0.01558
0.82287 0.00636 0.00166 0.14417 0.00005 0.00325 0.02165
0.60501 0.00158 0.00020 0.33218 0.00394 0.00716 0.04993
0.66967 0.00912 0.02292 0.02491 0.02262 0.07863 0.17213
0.00126 0.00530 0.01150 0.00680 0.00443 0.91955 0.05116
0.00131 0.07193 0.00055 0.00013 0.89610 0.00153 0.02845
0.00411 0.26919 0.58901 0.00085 0.01659 0.02033 0.09991
0.01811 0.41449 0.35573 0.01695 0.03397 0.05307 0.10767
0.37598 0.05425 0.01535 0.00262 0.01118 0.01260 0.52802
0.03010 0.04502 0.00643 0.04390 0.07615 0.15618 0.64222
0.24679 0.62732 0.00021 0.00519 0.00539 0.05440 0.06069
0.00001 0.00017 0.00000 0.00001 0.99969 0.00004 0.00009
0.68405 0.00786 0.00288 0.16216 0.00219 0.04569 0.09518
0.00025 0.00003 0.00088 0.03369 0.00402 0.96063 0.00050
0.04142 0.01916 0.01548 0.48842 0.00760 0.34062 0.08731
0.00001 0.00013 0.00003 0.00000 0.99867 0.00014 0.00102
0.15213 0.02807 0.01631 0.04912 0.27691 0.30351 0.17395
0.00102 0.01690 0.90570 0.00024 0.00058 0.01132 0.06424
0.36047 0.05500 0.11445 0.21984 0.00459 0.12934 0.11631
0.99190 0.00190 0.00010 0.00007 0.00005 0.00007 0.00591
0.00169 0.05049 0.00515 0.00498 0.81865 0.00654 0.11249
0.04186 0.00016 0.00052 0.28086 0.00941 0.07763 0.58957
0.00015 0.01537 0.00118 0.00057 0.32966 0.00804 0.64502
0.00002 0.00015 0.00001 0.00001 0.99949 0.00005 0.00028
0.60890 0.01573 0.06485 0.00068 0.00283 0.00418 0.30284
0.00138 0.00387 0.00059 0.00064 0.94869 0.02703 0.01779
0.00036 0.00016 0.00016 0.02759 0.00147 0.93165 0.03860
0.05094 0.89200 0.00974 0.00020 0.00250 0.00073 0.04390
0.00141 0.02750 0.00026 0.00234 0.46418 0.00176 0.50256
0.14655 0.05382 0.32230 0.38965 0.00035 0.07266 0.01468
0.25441 0.19251 0.00426 0.23635 0.02183 0.21160 0.07904
0.00170 0.09373 0.77140 0.00994 0.03819 0.00857 0.07648
0.10526 0.00337 0.00079 0.10003 0.01296 0.00057 0.77702
0.00038 0.00270 0.00021 0.00021 0.99450 0.00039 0.00160
0.00041 0.03083 0.00012 0.00016 0.84545 0.00150 0.12152
0.00402 0.00530 0.00350 0.05702 0.04092 0.05233 0.83691
0.08675 0.03039 0.27445 0.00972 0.03776 0.38080 0.18012
0.07462 0.01056 0.00020 0.88898 0.00055 0.02014 0.00495
0.99358 0.00025 0.00011 0.00144 0.00017 0.00095 0.00349
0.92854 0.00067 0.00068 0.00682 0.00030 0.00066 0.06232
0.00042 0.00983 0.00711 0.00633 0.01687 0.94602 0.01342
0.00191 0.00390 0.00073 0.38525 0.00078 0.60428 0.00316
0.00002 0.00038 0.00001 0.00015 0.99664 0.00059 0.00222
0.00033 0.00185 0.00021 0.00065 0.99008 0.00111 0.00578
0.00007 0.00296 0.00023 0.00008 0.96782 0.00071 0.02814
0.00001 0.00013 0.00001 0.00002 0.99955 0.00006 0.00022
0.00922 0.75695 0.00013 0.18555 0.00062 0.02560 0.02193
0.02749 0.49574 0.45856 0.00045 0.00070 0.00449 0.01258
0.21398 0.01874 0.14870 0.00140 0.00091 0.17177 0.44450
0.00003 0.00012 0.00000 0.00001 0.99944 0.00015 0.00025
0.00034 0.09536 0.74525 0.00060 0.00732 0.04500 0.10613
0.00851 0.28662 0.06219 0.00277 0.20408 0.01486 0.42096
0.01388 0.64790 0.01275 0.03058 0.00767 0.06786 0.21935
0.00908 0.10208 0.85201 0.00037 0.00089 0.00486 0.03071
0.01583 0.05958 0.81269 0.00143 0.00580 0.03133 0.07334
0.96225 0.01492 0.00015 0.00004 0.00001 0.00028 0.02235
0.00000 0.99999 0.00000 0.00000 0.00000 0.00000 0.00000
0.00056 0.00889 0.01116 0.13070 0.00394 0.83173 0.01302
0.18320 0.00677 0.64379 0.00033 0.00008 0.01309 0.15275
0.67924 0.02730 0.00046 0.22050 0.00518 0.00765 0.05966
0.01436 0.31761 0.62236 0.00136 0.00313 0.01271 0.02847
0.32566 0.10344 0.06664 0.06218 0.08629 0.11859 0.23720
0.00155 0.00829 0.00795 0.00513 0.86252 0.01610 0.09847
0.00001 0.00006 0.00001 0.00000 0.99984 0.00002 0.00006
0.00024 0.02189 0.01608 0.00114 0.07249 0.22900 0.65916
0.00162 0.06189 0.04096 0.00113 0.28539 0.08950 0.51952
0.55603 0.06578 0.12470 0.00268 0.00248 0.01455 0.23378
0.50522 0.03257 0.00960 0.06434 0.00157 0.32014 0.06656
0.02785 0.04168 0.60003 0.00985 0.04860 0.17412 0.09787
0.00055 0.00462 0.00068 0.00049 0.99126 0.00066 0.00173
0.00013 0.00458 0.00043 0.00014 0.98788 0.00097 0.00586
0.00054 0.01061 0.03040 0.00065 0.01081 0.01385 0.93314
0.03716 0.08791 0.03638 0.71434 0.00123 0.06699 0.05600
0.00579 0.49864 0.11450 0.00468 0.03510 0.00893 0.33236
0.03643 0.08359 0.71545 0.06550 0.00687 0.07247 0.01971
0.00211 0.00576 0.00139 0.95688 0.00021 0.01131 0.02233
0.00001 0.99960 0.00016 0.00005 0.00000 0.00013 0.00004
0.00112 0.38626 0.00374 0.00083 0.13369 0.00728 0.46707
0.00137 0.05072 0.04499 0.00405 0.32416 0.11695 0.45775
0.02550 0.00078 0.00060 0.95324 0.00007 0.00775 0.01207
0.07974 0.05927 0.03489 0.11105 0.29912 0.14756 0.26836
0.01254 0.32715 0.52252 0.05260 0.00204 0.02255 0.06060
0.09050 0.16048 0.00440 0.38514 0.00162 0.32238 0.03548
0.00134 0.23773 0.02666 0.02381 0.38257 0.01559 0.31231
0.00464 0.09154 0.18230 0.01685 0.09233 0.09316 0.51918
0.00022 0.00937 0.00101 0.00024 0.96173 0.00567 0.02177
0.30350 0.00625 0.00548 0.58082 0.00184 0.01195 0.09015
0.00288 0.03128 0.02863 0.06981 0.05072 0.37763 0.43904
0.00386 0.07309 0.04416 0.04042 0.37885 0.32006 0.13956
0.00189 0.00802 0.00066 0.00428 0.60088 0.01140 0.37287
0.01783 0.03337 0.04930 0.02836 0.29509 0.15199 0.42405
0.00994 0.06773 0.38412 0.00052 0.00004 0.03402 0.50362
0.01409 0.11373 0.01275 0.00773 0.26922 0.02478 0.55771
0.17782 0.72136 0.01260 0.07248 0.00002 0.00359 0.01213
0.01849 0.13888 0.00109 0.02868 0.10200 0.41669 0.29417
0.85383 0.00627 0.01033 0.03478 0.00079 0.03738 0.05662
0.00112 0.00720 0.98669 0.00073 0.00049 0.00214 0.00162
0.01451 0.00143 0.03947 0.00161 0.00193 0.00765 0.93340
0.00194 0.44025 0.45192 0.00725 0.00000 0.02787 0.07078
0.89332 0.00329 0.00056 0.00545 0.00028 0.00105 0.09605
0.00100 0.00013 0.00030 0.99505 0.00002 0.00296 0.00054
0.00042 0.07324 0.00016 0.00245 0.22251 0.00367 0.69754
0.00028 0.00017 0.00004 0.99736 0.00001 0.00178 0.00037
0.00033 0.09704 0.17595 0.00089 0.00949 0.71411 0.00219
0.03346 0.01764 0.27477 0.16231 0.01329 0.40348 0.09505
0.02928 0.00119 0.00030 0.88392 0.00028 0.01550 0.06953
0.00094 0.99551 0.00017 0.00062 0.00002 0.00234 0.00041
0.00035 0.00626 0.03922 0.01826 0.00567 0.81396 0.11628
0.00730 0.12355 0.00198 0.81373 0.00008 0.04724 0.00612
0.00001 0.00230 0.00000 0.00025 0.99319 0.00032 0.00393
0.01101 0.32674 0.19132 0.02775 0.05871 0.05684 0.32764
0.89364 0.00334 0.00094 0.03804 0.00008 0.00661 0.05735
0.04528 0.00093 0.00006 0.86630 0.00009 0.01027 0.07707
0.00129 0.01435 0.97676 0.00005 0.00409 0.00051 0.00297
0.00286 0.02534 0.06827 0.00273 0.15382 0.10272 0.64426
