# Country Folk Indie Jazz Metal Pop Rock
0.05021 0.03865 0.16318 0.43519 0.00768 0.25119 0.05390
0.18682 0.03341 0.59879 0.02326 0.00970 0.10635 0.04168
0.03038 0.92501 0.00160 0.00016 0.00040 0.00000 0.04245
0.00139 0.16069 0.29376 0.00248 0.36164 0.02053 0.15951
0.00027 0.00211 0.10613 0.00062 0.01157 0.00082 0.87848
0.00000 0.00000 0.00000 0.00000 0.99981 0.00000 0.00018
0.98248 0.00007 0.01404 0.00119 0.00010 0.00012 0.00202
0.01182 0.04057 0.90005 0.00024 0.00000 0.04712 0.00019
0.00251 0.01585 0.02230 0.00426 0.00001 0.84500 0.11008
0.03719 0.38852 0.07970 0.09547 0.24205 0.04365 0.11342
0.01966 0.00000 0.00261 0.96012 0.00000 0.01756 0.00006
0.00560 0.66514 0.32870 0.00001 0.00001 0.00033 0.00020
0.09445 0.73871 0.08625 0.00824 0.00019 0.00060 0.07157
0.00034 0.00206 0.00091 0.97686 0.00021 0.01954 0.00008
0.25338 0.00071 0.00456 0.00776 0.00001 0.00937 0.72421
0.03267 0.01848 0.05710 0.87187 0.00885 0.00598 0.00504
0.00000 0.00175 0.00000 0.00000 0.00659 0.99139 0.00027
0.00000 0.00071 0.00328 0.00003 0.06993 0.00073 0.92533
0.28281 0.24754 0.27847 0.00366 0.00488 0.00925 0.17340
0.03299 0.00413 0.15211 0.00605 0.00009 0.29145 0.51317
0.00003 0.00768 0.10868 0.00047 0.00000 0.12785 0.75530
0.06251 0.08481 0.45705 0.15659 0.00218 0.03760 0.19927
0.00074 0.06729 0.92844 0.00000 0.00005 0.00019 0.00328
0.00001 0.73731 0.17201 0.00000 0.00545 0.01814 0.06709
0.00000 0.00018 0.01613 0.00000 0.98344 0.00010 0.00014
0.00000 0.00035 0.99465 0.00000 0.00499 0.00000 0.00001
0.00102 0.32211 0.00514 0.01218 0.28937 0.18107 0.18911
0.00037 0.00233 0.50901 0.00002 0.30100 0.00333 0.18394
0.00696 0.04298 0.06157 0.82955 0.00041 0.01909 0.03944
0.01442 0.00460 0.07480 0.90219 0.00000 0.00168 0.00230
0.00000 0.95154 0.00000 0.00000 0.00023 0.00025 0.04798
0.00066 0.47078 0.01810 0.43451 0.00144 0.00339 0.07112
0.00071 0.00803 0.00116 0.00155 0.97484 0.01217 0.00155
0.46002 0.03947 0.30993 0.04800 0.00038 0.00302 0.13918
0.75262 0.00588 0.00041 0.21026 0.00000 0.00039 0.03045
0.00005 0.00001 0.00072 0.00413 0.00000 0.99465 0.00044
0.00239 0.00350 0.23891 0.30932 0.00001 0.42789 0.01799
0.04730 0.12181 0.00248 0.45870 0.00238 0.24094 0.12638
0.03719 0.38852 0.07970 0.09547 0.24205 0.04365 0.11342
0.23064 0.00434 0.02931 0.00340 0.00005 0.11088 0.62138
0.00162 0.00018 0.99811 0.00000 0.00002 0.00001 0.00005
0.00005 0.01885 0.00446 0.04618 0.00136 0.80744 0.12165
0.01498 0.17026 0.16759 0.24854 0.03807 0.07235 0.28821
0.05949 0.01437 0.44302 0.00977 0.15404 0.00375 0.31555
0.04303 0.02292 0.85542 0.00038 0.00060 0.05968 0.01797
0.89449 0.00090 0.00285 0.07731 0.00000 0.00690 0.01755
0.00042 0.00227 0.00024 0.00196 0.00000 0.71138 0.28374
0.00052 0.00140 0.76625 0.03471 0.00000 0.17154 0.02558
0.47079 0.51374 0.01224 0.00042 0.00000 0.00000 0.00281
0.00003 0.99993 0.00003 0.00000 0.00001 0.00000 0.00000
0.10575 0.64911 0.06343 0.00390 0.01576 0.00410 0.15795
0.00153 0.12607 0.67473 0.00252 0.17575 0.00964 0.00977
0.00000 0.02698 0.02210 0.00009 0.60361 0.00015 0.34707
0.02792 0.00176 0.00742 0.93593 0.00001 0.01157 0.01539
0.00507 0.22932 0.47166 0.00003 0.00157 0.00434 0.28801
0.00060 0.05194 0.00033 0.00674 0.63366 0.01116 0.29557
0.00000 0.00000 0.00001 0.00000 0.00000 0.99991 0.00008
0.01729 0.01156 0.34572 0.40734 0.00503 0.01330 0.19977
0.00003 0.00097 0.00167 0.00992 0.00004 0.97070 0.01668
0.02791 0.16493 0.33023 0.27570 0.00071 0.00600 0.19452
0.20227 0.00526 0.09749 0.06589 0.00148 0.01498 0.61264
0.00914 0.00070 0.00013 0.00028 0.00000 0.00005 0.98970
0.62288 0.00280 0.01818 0.00154 0.00021 0.01791 0.33646
0.17977 0.00499 0.66473 0.02393 0.02105 0.00598 0.09956
0.00007 0.00003 0.96368 0.00000 0.00000 0.00000 0.03622
0.11452 0.05353 0.44671 0.00711 0.09511 0.05660 0.22641
0.00967 0.03768 0.00353 0.84991 0.00002 0.06431 0.03490
0.71650 0.00181 0.00918 0.09600 0.00001 0.02191 0.15459
0.00020 0.98568 0.01252 0.00145 0.00000 0.00001 0.00014
0.36136 0.00201 0.13628 0.05087 0.00024 0.31713 0.13211
0.99601 0.00132 0.00153 0.00008 0.00000 0.00105 0.00000
0.00927 0.05305 0.07542 0.00115 0.00269 0.00920 0.84921
0.00974 0.14556 0.13346 0.00166 0.40480 0.00630 0.29848
0.00086 0.01217 0.56969 0.00217 0.00000 0.01131 0.40381
0.68239 0.00003 0.30874 0.00717 0.00000 0.00034 0.00134
0.24183 0.02656 0.35611 0.05144 0.19931 0.09427 0.03047
0.00000 0.00021 0.00008 0.00005 0.00000 0.99946 0.00020
0.00000 0.03981 0.00062 0.00047 0.94620 0.00001 0.01289
0.00000 0.00023 0.00474 0.00000 0.00002 0.99498 0.00003
0.01216 0.00297 0.22333 0.01390 0.00019 0.07359 0.67387
0.00581 0.01682 0.78467 0.01313 0.00031 0.01423 0.16505
0.00000 0.00000 0.00000 0.00000 1.00000 0.00000 0.00000
0.00001 0.00308 0.03600 0.04333 0.00000 0.00302 0.91455
0.21537 0.03964 0.40574 0.01162 0.00060 0.24463 0.08242
0.00001 0.00563 0.00063 0.00007 0.00000 0.04643 0.94723
0.09129 0.07495 0.00425 0.54115 0.00001 0.00037 0.28798
0.94748 0.00023 0.00184 0.00556 0.00000 0.00302 0.04186
0.46561 0.01050 0.18153 0.20861 0.00570 0.07928 0.04877
0.23956 0.05306 0.12160 0.00983 0.00165 0.00007 0.57422
0.08244 0.08716 0.08347 0.01284 0.01311 0.07658 0.64440
0.03488 0.00004 0.16266 0.09577 0.00000 0.35059 0.35606
0.00055 0.95749 0.02426 0.00719 0.00006 0.00298 0.00747
0.00242 0.17607 0.63566 0.00618 0.00011 0.01371 0.16585
0.07476 0.00576 0.70291 0.02365 0.00962 0.03984 0.14346
0.19303 0.01573 0.00890 0.06227 0.00027 0.01004 0.70976
0.06316 0.03236 0.00027 0.37429 0.02319 0.48766 0.01906
0.36947 0.00652 0.00228 0.45424 0.00002 0.10134 0.06612
0.00002 0.00078 0.95677 0.00213 0.00388 0.00157 0.03484
0.31942 0.15974 0.08686 0.32355 0.00007 0.00321 0.10713
0.00888 0.05771 0.06859 0.05033 0.00096 0.79823 0.01529
0.96833 0.01617 0.00028 0.00403 0.00000 0.01075 0.00045
0.00461 0.04351 0.50354 0.44390 0.00006 0.00006 0.00432
0.00003 0.00599 0.00063 0.00000 0.64495 0.00000 0.34839
0.00392 0.00153 0.97263 0.00428 0.00499 0.00249 0.01017
0.00000 0.00003 0.00000 0.00000 0.99997 0.00000 0.00000
0.00000 0.25871 0.00000 0.00000 0.00000 0.74129 0.00000
0.30493 0.01029 0.00364 0.56677 0.00017 0.02977 0.08443
0.18639 0.09039 0.13063 0.01364 0.00003 0.33679 0.24212
0.00405 0.00425 0.03691 0.00044 0.04516 0.87991 0.02929
0.00000 0.01551 0.00013 0.00000 0.95473 0.00457 0.02506
0.95351 0.00029 0.00064 0.03465 0.00000 0.00083 0.01008
0.55911 0.00495 0.00007 0.42299 0.00489 0.00703 0.00097
0.00000 1.00000 0.00000 0.00000 0.00000 0.00000 0.00000
0.00354 0.00516 0.00165 0.00327 0.01115 0.68031 0.29492
0.27012 0.05594 0.39878 0.00947 0.00391 0.00536 0.25642
0.00000 0.00000 0.00218 0.00001 0.00000 0.99761 0.00019
0.24012 0.10799 0.03003 0.00077 0.00000 0.02930 0.59179
0.13407 0.01927 0.34892 0.38472 0.00523 0.05723 0.05054
0.29017 0.00000 0.00000 0.35601 0.00000 0.01170 0.34211
0.04617 0.00578 0.15028 0.02297 0.03610 0.61681 0.12189
0.00059 0.00002 0.00142 0.02029 0.00118 0.00027 0.97624
0.00246 0.02549 0.00000 0.00016 0.00000 0.97031 0.00158
0.00000 0.00002 0.00059 0.00028 0.94768 0.00512 0.04629
0.00026 0.00087 0.00077 0.99608 0.00000 0.00033 0.00169
0.00172 0.64243 0.02063 0.00599 0.04681 0.01356 0.26885
0.04347 0.00000 0.00047 0.07727 0.00000 0.37814 0.50065
0.31664 0.02042 0.63875 0.00076 0.00002 0.01513 0.00829
0.37602 0.00602 0.01409 0.18355 0.00001 0.03021 0.39010
0.07033 0.62113 0.02052 0.07983 0.00034 0.09267 0.11519
0.04356 0.09988 0.00894 0.01991 0.00000 0.80078 0.02692
0.00151 0.13311 0.82846 0.00001 0.03563 0.00004 0.00124
0.00000 0.00000 0.00000 0.00000 0.99997 0.00000 0.00003
0.00001 0.00083 0.99710 0.00027 0.00000 0.00003 0.00176
0.00127 0.00113 0.00009 0.28758 0.00033 0.62674 0.08287
0.03043 0.18719 0.05873 0.00581 0.00249 0.41442 0.30094
0.01350 0.00708 0.00029 0.97123 0.00000 0.00318 0.00471
0.03379 0.00002 0.00941 0.14528 0.00000 0.11684 0.69466
0.10407 0.00430 0.00134 0.60130 0.00000 0.09758 0.19140
0.03026 0.01589 0.60236 0.06972 0.01568 0.13862 0.12748
0.00016 0.00464 0.00103 0.00007 0.03919 0.15838 0.79652
0.02131 0.36469 0.14771 0.01582 0.00787 0.30553 0.13707
0.00048 0.06445 0.07359 0.82016 0.00982 0.00253 0.02898
0.00054 0.16640 0.00955 0.00008 0.72315 0.09368 0.00659
0.29696 0.00007 0.67735 0.00523 0.00000 0.00385 0.01654
0.00004 0.00614 0.35263 0.00821 0.04842 0.05387 0.53069
0.08419 0.05004 0.00197 0.00767 0.01588 0.24195 0.59829
0.00682 0.00938 0.95946 0.00623 0.00480 0.00770 0.00561
0.00000 0.00000 0.00000 0.00535 0.00000 0.99464 0.00000
0.55108 0.11552 0.09223 0.14235 0.00025 0.00511 0.09346
0.00738 0.20620 0.01412 0.74698 0.00018 0.01883 0.00631
0.24854 0.00084 0.00211 0.08314 0.00001 0.06089 0.60447
0.01300 0.06401 0.07106 0.04944 0.70888 0.00448 0.08912
0.00000 0.01913 0.00000 0.00000 0.98070 0.00016 0.00000
0.00001 0.06394 0.00113 0.00022 0.40534 0.05810 0.47126
0.01308 0.14203 0.02665 0.14745 0.66568 0.00017 0.00495
0.00005 0.84808 0.00138 0.00006 0.06977 0.02251 0.05815
0.08516 0.03330 0.12811 0.07443 0.35495 0.02704 0.29701
0.04948 0.00480 0.00151 0.23968 0.00013 0.00068 0.70374
0.31961 0.29712 0.32638 0.05231 0.00047 0.00082 0.00329
0.03719 0.38852 0.07970 0.09547 0.24205 0.04365 0.11342
0.00000 0.19796 0.00005 0.00021 0.00005 0.79194 0.00980
0.00001 0.00001 0.00191 0.00000 0.99747 0.00001 0.00059
0.91729 0.03730 0.00106 0.01214 0.00000 0.00833 0.02388
0.00213 0.00174 0.33579 0.00313 0.62975 0.01325 0.01420
0.01004 0.56031 0.42952 0.00008 0.00000 0.00000 0.00004
0.03994 0.12001 0.16654 0.01566 0.00007 0.07269 0.58510
0.00001 0.13809 0.07276 0.00021 0.02550 0.76050 0.00295
0.63010 0.00801 0.16240 0.15097 0.00094 0.00704 0.04054
0.16457 0.21040 0.11754 0.05873 0.00583 0.00005 0.44287
0.00001 0.00017 0.11725 0.00075 0.00016 0.00324 0.87841
0.00003 0.03919 0.69321 0.00381 0.02483 0.00370 0.23523
0.00135 0.00035 0.00025 0.00006 0.61653 0.00031 0.38115
0.01702 0.02294 0.03739 0.00250 0.05565 0.14261 0.72189
0.00567 0.00060 0.00194 0.07128 0.00000 0.90403 0.01648
0.00636 0.00477 0.27472 0.00021 0.04904 0.42757 0.23732
0.00000 0.00236 0.00592 0.00000 0.99039 0.00018 0.00114
0.13007 0.01783 0.23849 0.41541 0.02130 0.01302 0.16388
0.00000 0.00001 0.00001 0.00000 0.99998 0.00000 0.00000
0.04186 0.62913 0.03252 0.00328 0.05845 0.07211 0.16265
0.00055 0.00019 0.00296 0.98741 0.00000 0.00805 0.00084
0.07329 0.02213 0.42985 0.06205 0.03372 0.01197 0.36699
0.00394 0.00771 0.00394 0.00006 0.86849 0.00006 0.11580
0.01585 0.00470 0.06917 0.31588 0.00007 0.09834 0.49600
0.17567 0.00693 0.24782 0.12500 0.04792 0.31763 0.07903
0.01739 0.01922 0.03858 0.00060 0.00019 0.81853 0.10548
0.05806 0.08058 0.02061 0.00499 0.00001 0.12181 0.71395
0.00175 0.01991 0.02110 0.10358 0.58080 0.04643 0.22644
0.17238 0.60904 0.12573 0.00382 0.00043 0.06018 0.02842
0.01329 0.00148 0.02323 0.04348 0.00003 0.84244 0.07604
0.68122 0.00179 0.00030 0.31325 0.00000 0.00259 0.00086
0.00940 0.00408 0.01374 0.00093 0.93957 0.00599 0.02630
0.04499 0.03033 0.07509 0.05863 0.00321 0.18437 0.60338
0.00040 0.00035 0.00015 0.01822 0.00000 0.98043 0.00045
0.01176 0.00386 0.00120 0.95464 0.00000 0.01041 0.01813
0.02219 0.01406 0.00020 0.92805 0.00008 0.02800 0.00741
0.02708 0.00090 0.00114 0.00123 0.01964 0.01483 0.93519
0.00000 0.26506 0.46391 0.00003 0.22915 0.04170 0.00015
0.00424 0.00931 0.86882 0.00311 0.00000 0.07972 0.03479
0.00636 0.00161 0.03858 0.13446 0.00684 0.01054 0.80160
0.01641 0.06129 0.51624 0.00581 0.27671 0.03339 0.09015
0.01243 0.01013 0.04952 0.01047 0.00008 0.00013 0.91722
0.05908 0.01979 0.00366 0.00128 0.00000 0.91384 0.00236
0.10773 0.01972 0.26320 0.36531 0.00085 0.00167 0.24152
0.29553 0.03443 0.02483 0.06704 0.00003 0.02760 0.55054
0.01396 0.13954 0.58567 0.00191 0.10171 0.07813 0.07908
0.01018 0.06640 0.34631 0.30062 0.01887 0.03710 0.22054
0.00000 0.00651 0.99337 0.00000 0.00007 0.00001 0.00003
0.03719 0.38852 0.07970 0.09547 0.24205 0.04365 0.11342
0.00000 0.00032 0.94530 0.00000 0.02737 0.00005 0.02695
0.00035 0.00069 0.83492 0.00001 0.00000 0.00100 0.16303
0.00005 0.98694 0.00006 0.00025 0.00000 0.00014 0.01256
0.16979 0.00039 0.27637 0.00166 0.00026 0.51138 0.04015
0.00440 0.01371 0.13653 0.01117 0.80144 0.01675 0.01600
0.00002 0.00189 0.05131 0.00000 0.00005 0.94669 0.00004
0.84777 0.13450 0.00429 0.00859 0.00000 0.00001 0.00484
0.19713 0.03737 0.14999 0.28692 0.01950 0.15197 0.15711
0.03863 0.64154 0.00310 0.04434 0.00026 0.00215 0.26999
0.00000 0.05698 0.30410 0.00000 0.00000 0.63791 0.00102
0.00397 0.00006 0.01554 0.00217 0.00000 0.75176 0.22650
0.56952 0.01715 0.17723 0.10698 0.00013 0.04107 0.08792
0.14278 0.31087 0.30419 0.01609 0.00426 0.18168 0.04014
0.00369 0.00066 0.00055 0.01009 0.00000 0.06813 0.91687
0.04221 0.03848 0.09087 0.59671 0.00934 0.02230 0.20008
0.00004 0.00474 0.01517 0.00010 0.00000 0.05073 0.92921
0.09169 0.12677 0.00392 0.73423 0.00001 0.00314 0.04024
0.00000 0.00002 0.16249 0.00023 0.80547 0.00366 0.02813
0.03125 0.07932 0.10424 0.05772 0.00043 0.00540 0.72163
0.00101 0.00032 0.09700 0.00209 0.00051 0.88797 0.01108
0.98997 0.00572 0.00076 0.00338 0.00001 0.00010 0.00007
0.00245 0.00167 0.13012 0.01790 0.04370 0.79254 0.01161
0.00000 0.00000 0.00000 0.00000 1.00000 0.00000 0.00000
0.00141 0.01656 0.00314 0.00015 0.84414 0.00003 0.13457
0.65428 0.00011 0.24539 0.00015 0.00048 0.00836 0.09124
0.00501 0.16165 0.67910 0.00255 0.00036 0.01104 0.14030
0.00093 0.01646 0.01276 0.00000 0.78166 0.00009 0.18811
0.00068 0.00493 0.98405 0.00114 0.00664 0.00062 0.00193
0.00033 0.00866 0.02694 0.01146 0.00020 0.00036 0.95204
0.00115 0.00592 0.00073 0.07431 0.00000 0.84373 0.07416
0.00342 0.34451 0.60570 0.00068 0.00839 0.00072 0.03658
0.52870 0.00361 0.03492 0.22289 0.00007 0.00313 0.20667
0.00907 0.01824 0.01289 0.86737 0.00000 0.00076 0.09166
0.00004 0.00011 0.00244 0.00001 0.00011 0.00439 0.99290
0.00002 0.20249 0.02098 0.00012 0.65338 0.00329 0.11972
0.00000 0.44933 0.10494 0.00036 0.01899 0.04955 0.37682
0.40134 0.00089 0.00025 0.00352 0.00000 0.00043 0.59358
0.01440 0.03116 0.18253 0.00132 0.00003 0.00954 0.76102
0.00001 0.00001 0.99994 0.00000 0.00000 0.00003 0.00001
0.02302 0.07028 0.00438 0.07797 0.01215 0.11643 0.69577
0.00024 0.00591 0.01270 0.00128 0.00203 0.00056 0.97729
0.07959 0.52638 0.35918 0.01914 0.00022 0.00190 0.01360
0.00000 0.00176 0.00002 0.00001 0.99691 0.00002 0.00128
0.00194 0.06687 0.05063 0.08407 0.33169 0.33435 0.13045
0.00001 0.94632 0.02437 0.00774 0.00027 0.00002 0.02128
0.22017 0.17040 0.12986 0.00061 0.00870 0.45146 0.01880
0.01869 0.00425 0.97619 0.00001 0.00001 0.00000 0.00084
0.00001 0.00005 0.00000 0.00001 0.00000 0.97001 0.02991
0.00432 0.00057 0.00619 0.03169 0.00414 0.95224 0.00085
0.40235 0.03098 0.27484 0.19541 0.00000 0.09189 0.00453
0.00000 0.00047 0.01995 0.00004 0.93958 0.00042 0.03954
0.01553 0.85294 0.04728 0.00443 0.00000 0.01526 0.06456
0.07123 0.00109 0.01903 0.34053 0.00083 0.01585 0.55144
0.01033 0.00068 0.27393 0.03358 0.00062 0.09455 0.58630
0.00000 0.01165 0.00137 0.00021 0.06331 0.91910 0.00436
0.00000 0.00040 0.00003 0.00000 0.99770 0.00009 0.00178
0.22048 0.00002 0.15983 0.00023 0.00000 0.41754 0.20190
0.00037 0.00020 0.01933 0.00687 0.00004 0.96106 0.01213
0.00000 0.00000 0.00000 0.00000 0.99999 0.00000 0.00000
0.00000 0.00000 0.00000 0.00000 0.00000 0.99992 0.00008
0.03719 0.38852 0.07970 0.09547 0.24205 0.04365 0.11342
0.00001 0.93669 0.00001 0.00119 0.04102 0.00270 0.01838
0.00015 0.13259 0.43200 0.00001 0.30925 0.11994 0.00605
0.00468 0.00048 0.92369 0.05845 0.00005 0.00260 0.01005
0.03847 0.02654 0.00863 0.18447 0.00088 0.03884 0.70217
0.00000 0.99997 0.00000 0.00001 0.00000 0.00000 0.00002
0.00142 0.99556 0.00042 0.00000 0.00000 0.00000 0.00260
0.00018 0.00965 0.91637 0.00025 0.03570 0.00188 0.03596
0.60972 0.05254 0.00852 0.10665 0.00662 0.15644 0.05951
0.00074 0.04527 0.18858 0.01734 0.70232 0.00911 0.03665
0.00475 0.00622 0.00598 0.00035 0.00000 0.02599 0.95670
0.00000 0.00000 0.00000 0.00000 0.99997 0.00001 0.00001
0.03013 0.08709 0.11592 0.03703 0.00081 0.00226 0.72677
0.00350 0.74720 0.16205 0.00094 0.03652 0.01589 0.03391
0.00000 0.00000 0.00000 0.99991 0.00000 0.00008 0.00000
0.00032 0.00178 0.83308 0.00010 0.01858 0.00883 0.13730
0.20486 0.16862 0.08340 0.17617 0.00008 0.22859 0.13828
0.39995 0.12028 0.03780 0.01910 0.00046 0.37371 0.04870
0.00000 0.00268 0.00212 0.00010 0.00004 0.99449 0.00056
0.27165 0.03117 0.47856 0.13819 0.01335 0.02259 0.04450
0.00000 0.00000 0.00016 0.00000 0.99984 0.00000 0.00000
0.07888 0.00695 0.12859 0.52947 0.00099 0.22397 0.03116
0.03719 0.38852 0.07970 0.09547 0.24205 0.04365 0.11342
0.00023 0.00087 0.14328 0.00026 0.00001 0.01235 0.84301
0.00000 0.02252 0.00001 0.00000 0.02088 0.02839 0.92820
0.02464 0.49534 0.09091 0.09926 0.23665 0.00683 0.04638
0.39907 0.00034 0.37090 0.00154 0.01245 0.00509 0.21062
0.31973 0.44915 0.01240 0.01598 0.00005 0.00640 0.19628
0.90646 0.00902 0.01867 0.02814 0.00012 0.00319 0.03441
0.00246 0.16716 0.76259 0.02591 0.00006 0.03821 0.00361
0.02564 0.03104 0.01484 0.05502 0.00110 0.00324 0.86911
0.03719 0.38852 0.07970 0.09547 0.24205 0.04365 0.11342
0.00651 0.00001 0.00000 0.12534 0.00781 0.00045 0.85988
0.75973 0.03658 0.03456 0.05350 0.00621 0.07095 0.03846
0.01426 0.05225 0.00074 0.09715 0.00000 0.00000 0.83559
0.69509 0.02668 0.27454 0.00098 0.00000 0.00000 0.00270
0.01118 0.00267 0.04663 0.00095 0.00017 0.22935 0.70906
0.13573 0.00038 0.00146 0.55752 0.00000 0.29065 0.01426
0.02334 0.36157 0.02988 0.07122 0.02726 0.04354 0.44320
0.01262 0.00341 0.01232 0.00247 0.00001 0.95659 0.01257
0.00000 0.00000 0.00006 0.00000 0.00000 0.00000 0.99994
0.03088 0.12072 0.23409 0.03677 0.02440 0.16072 0.39241
0.25747 0.00601 0.11602 0.34035 0.00026 0.14111 0.13878
0.30486 0.21279 0.03429 0.03459 0.10162 0.09647 0.21537
0.02889 0.09676 0.67117 0.13096 0.00168 0.00744 0.06309
0.00803 0.02001 0.52863 0.06285 0.00003 0.00814 0.37231
0.01356 0.87660 0.00773 0.00310 0.00063 0.00145 0.09692
0.09129 0.07495 0.00425 0.54115 0.00001 0.00037 0.28798
0.00432 0.05032 0.25264 0.00320 0.03558 0.00139 0.65255
0.00013 0.01896 0.83573 0.00034 0.00008 0.00030 0.14446
0.10685 0.12270 0.17565 0.07150 0.29614 0.04265 0.18451
0.00113 0.86075 0.07114 0.06409 0.00000 0.00088 0.00202
0.94699 0.00134 0.00019 0.04811 0.00000 0.00250 0.00087
0.48648 0.02309 0.00670 0.00651 0.00128 0.02451 0.45142
0.00000 0.16809 0.00027 0.00001 0.00041 0.00001 0.83121
0.79648 0.01807 0.00319 0.16978 0.00004 0.00640 0.00603
0.04259 0.71460 0.01537 0.12783 0.00140 0.09090 0.00731
0.85286 0.00205 0.07258 0.00878 0.00000 0.00059 0.06314
0.00000 0.96283 0.00007 0.00039 0.00057 0.03611 0.00003
0.04198 0.02586 0.57111 0.15042 0.00002 0.00177 0.20885
0.00000 0.00003 0.00030 0.00000 0.99958 0.00000 0.00009
0.00160 0.00290 0.44508 0.45592 0.00003 0.02906 0.06541
0.06090 0.13993 0.02031 0.27189 0.19128 0.18115 0.13453
0.00669 0.07091 0.00228 0.90229 0.00123 0.00065 0.01595
0.09694 0.77073 0.05654 0.00055 0.04170 0.00000 0.03353
0.03078 0.01521 0.12113 0.00159 0.00002 0.76827 0.06301
0.61045 0.00010 0.00030 0.01457 0.00000 0.37434 0.00024
0.40470 0.00465 0.27634 0.16966 0.00020 0.08366 0.06078
0.02419 0.02930 0.93360 0.00048 0.00000 0.00003 0.01240
0.00023 0.00003 0.00047 0.04863 0.75153 0.00097 0.19813
0.03719 0.38852 0.07970 0.09547 0.24205 0.04365 0.11342
0.00000 0.09981 0.69866 0.00012 0.07266 0.02650 0.10225
0.00000 0.99360 0.00023 0.00000 0.00029 0.00130 0.00458
0.00000 1.00000 0.00000 0.00000 0.00000 0.00000 0.00000
0.02537 0.94878 0.00779 0.00772 0.00016 0.00849 0.00169
0.00035 0.00322 0.84959 0.00029 0.13862 0.00050 0.00743
0.00376 0.04868 0.16624 0.40200 0.21355 0.01920 0.14656
0.00000 0.00000 0.00000 0.00000 1.00000 0.00000 0.00000
0.01675 0.00017 0.04684 0.01531 0.00000 0.90709 0.01384
0.00108 0.00011 0.09494 0.23909 0.00094 0.62862 0.03522
0.00000 0.00000 0.00000 0.00000 0.00000 1.00000 0.00000
0.00299 0.00013 0.08231 0.01017 0.03941 0.06735 0.79764
0.32544 0.00575 0.09505 0.19485 0.01296 0.25754 0.10842
0.00931 0.00123 0.00058 0.97488 0.00000 0.00208 0.01191
0.00011 0.00024 0.52381 0.00000 0.07629 0.03367 0.36588
0.01194 0.01053 0.09506 0.05242 0.00038 0.00598 0.82369
0.00000 0.00000 0.00004 0.00976 0.00002 0.98810 0.00207
0.00608 0.00377 0.00332 0.03312 0.00000 0.00587 0.94784
0.00000 0.00000 0.00000 0.00000 0.99999 0.00000 0.00001
0.24801 0.03637 0.03078 0.02829 0.00004 0.06503 0.59148
0.00253 0.00693 0.00089 0.98587 0.00003 0.00369 0.00006
0.13971 0.08165 0.65155 0.07030 0.01172 0.01561 0.02946
0.00932 0.00160 0.00750 0.34148 0.00273 0.56003 0.07733
0.00000 0.00008 0.00000 0.00000 0.99990 0.00001 0.00000
0.00057 0.00053 0.04030 0.00040 0.02512 0.89934 0.03375
0.08621 0.00519 0.00000 0.00519 0.87882 0.02369 0.00090
0.00614 0.00619 0.30501 0.00048 0.48413 0.06366 0.13440
0.00061 0.99000 0.00520 0.00103 0.00010 0.00002 0.00304
0.00001 0.95302 0.02680 0.00006 0.01086 0.00132 0.00794
0.00000 0.03111 0.01340 0.00316 0.02658 0.00009 0.92566
0.04706 0.00952 0.07363 0.10798 0.00000 0.05246 0.70933
0.00000 0.83354 0.00626 0.00000 0.00166 0.00038 0.15816
0.20486 0.16862 0.08340 0.17617 0.00008 0.22859 0.13828
0.00000 0.63053 0.00001 0.00066 0.00000 0.36879 0.00000
0.00009 0.00218 0.55687 0.00004 0.01962 0.00015 0.42106
0.99842 0.00133 0.00015 0.00000 0.00000 0.00000 0.00010
0.00026 0.19923 0.12051 0.00232 0.00797 0.54623 0.12348
0.33536 0.00046 0.00352 0.53054 0.00344 0.01674 0.10994
0.00329 0.06763 0.23733 0.00467 0.00001 0.00023 0.68684
0.00570 0.00262 0.80834 0.00045 0.00001 0.03213 0.15076
0.00001 0.01436 0.97380 0.00063 0.00198 0.00001 0.00921
0.80394 0.03425 0.04093 0.02805 0.05868 0.00083 0.03332
0.51431 0.02528 0.44351 0.00343 0.00242 0.00169 0.00935
0.28519 0.07627 0.04035 0.03519 0.02532 0.03621 0.50147
0.06888 0.21360 0.28137 0.31639 0.00026 0.06470 0.05481
0.00001 0.92188 0.00780 0.02511 0.03180 0.01313 0.00026
0.00560 0.03977 0.14359 0.00092 0.01281 0.00834 0.78897
0.02313 0.00231 0.00041 0.01353 0.00000 0.95995 0.00067
0.00001 0.00106 0.95056 0.00562 0.00017 0.01217 0.03041
0.12732 0.10281 0.00145 0.68157 0.00296 0.03710 0.04679
0.00964 0.00038 0.45009 0.01369 0.00006 0.01256 0.51358
0.02183 0.03563 0.17146 0.51761 0.00679 0.05383 0.19285
0.00091 0.09904 0.81310 0.00010 0.00014 0.05542 0.03129
0.09332 0.05530 0.47622 0.25290 0.00238 0.07065 0.04923
0.35800 0.11262 0.20955 0.18917 0.03609 0.05571 0.03885
0.01888 0.00126 0.00426 0.00110 0.02856 0.73414 0.21179
0.00000 1.00000 0.00000 0.00000 0.00000 0.00000 0.00000
0.47832 0.00325 0.00618 0.29322 0.07069 0.04658 0.10177
0.02138 0.00189 0.04757 0.76920 0.00000 0.02468 0.13528
0.00421 0.00008 0.01209 0.00029 0.84236 0.00004 0.14094
0.20709 0.35245 0.31277 0.01809 0.00057 0.02590 0.08314
0.00000 0.00057 0.00092 0.00028 0.94997 0.00323 0.04502
0.00000 0.00000 0.00000 0.00001 0.00000 0.99991 0.00008
0.00803 0.75390 0.00024 0.01162 0.08980 0.00541 0.13100
0.00000 0.01835 0.00133 0.00000 0.08219 0.00000 0.89812
0.00001 0.00015 0.87038 0.00000 0.00186 0.00017 0.12742
0.00134 0.99375 0.00315 0.00001 0.00012 0.00038 0.00125
0.05059 0.01338 0.28420 0.01169 0.38456 0.03998 0.21560
0.00041 0.00000 0.00069 0.00000 0.00000 0.99594 0.00295
0.01321 0.00083 0.00122 0.96361 0.00002 0.01709 0.00401
0.00015 0.13919 0.00036 0.00000 0.85884 0.00002 0.00143
0.00000 0.00031 0.11130 0.00017 0.12273 0.00018 0.76532
0.00073 0.00571 0.07721 0.00001 0.03779 0.10290 0.77565
0.04392 0.56159 0.31173 0.00803 0.00056 0.05499 0.01917
0.00016 0.00251 0.00065 0.74372 0.01582 0.15543 0.08170
0.03719 0.38852 0.07970 0.09547 0.24205 0.04365 0.11342
0.30059 0.05604 0.38185 0.08277 0.00006 0.06066 0.11803
0.43960 0.04146 0.19816 0.00552 0.01560 0.11212 0.18753
0.00115 0.00330 0.01831 0.00092 0.00000 0.96349 0.01283
0.00019 0.00265 0.23506 0.00610 0.00000 0.75375 0.00225
0.99888 0.00000 0.00050 0.00009 0.00000 0.00000 0.00052
0.00000 0.00023 0.00398 0.00000 0.91750 0.00437 0.07392
0.79962 0.06773 0.05511 0.05688 0.00226 0.00345 0.01495
0.00008 0.17231 0.30332 0.29357 0.00000 0.22791 0.00280
0.00237 0.00428 0.80153 0.00064 0.11072 0.00016 0.08029
0.00423 0.61652 0.31725 0.02529 0.00176 0.00217 0.03278
0.00018 0.00085 0.00002 0.99874 0.00000 0.00003 0.00018
0.01389 0.11259 0.00010 0.00224 0.13742 0.00171 0.73206
0.11446 0.01919 0.02517 0.06760 0.00004 0.00923 0.76432
0.00000 0.00320 0.00173 0.00000 0.85521 0.00000 0.13986
0.00000 0.00009 0.00131 0.00001 0.98782 0.00000 0.01077
0.04193 0.24799 0.04954 0.05135 0.39557 0.08259 0.13104
0.01670 0.00162 0.00061 0.00774 0.00001 0.33751 0.63581
0.00000 0.99996 0.00004 0.00000 0.00000 0.00000 0.00000
0.48719 0.01478 0.00003 0.45048 0.00001 0.04280 0.00471
0.00000 0.00000 0.00017 0.89862 0.00001 0.00479 0.09642
0.06649 0.00298 0.62896 0.25394 0.00047 0.03636 0.01079
0.00012 0.00015 0.10628 0.00089 0.78833 0.00024 0.10399
0.02530 0.00326 0.00922 0.54494 0.00930 0.00304 0.40494
0.00060 0.00003 0.00001 0.00002 0.99809 0.00002 0.00123
0.00256 0.00000 0.00001 0.10850 0.00000 0.01258 0.87634
0.00318 0.34799 0.00870 0.02004 0.51882 0.03349 0.06779
0.26827 0.00451 0.24276 0.00509 0.00028 0.41760 0.06148
0.00022 0.00048 0.00140 0.00000 0.00000 0.99715 0.00074
0.07934 0.00063 0.15195 0.43711 0.00002 0.00077 0.33019
0.00000 0.00244 0.46186 0.00000 0.10444 0.00028 0.43098
0.03719 0.38852 0.07970 0.09547 0.24205 0.04365 0.11342
0.00111 0.53205 0.09841 0.08926 0.14528 0.00140 0.13249
0.00022 0.00008 0.09553 0.00002 0.02222 0.05100 0.83092
0.07080 0.03063 0.11514 0.02465 0.12680 0.02001 0.61198
0.00216 0.13547 0.15340 0.00071 0.70820 0.00002 0.00004
0.37862 0.00237 0.04941 0.04796 0.00000 0.00268 0.51896
0.00734 0.07760 0.05679 0.00163 0.15333 0.00030 0.70300
0.00000 1.00000 0.00000 0.00000 0.00000 0.00000 0.00000
0.24221 0.00328 0.04792 0.37898 0.00015 0.01857 0.30889
0.60672 0.00012 0.34899 0.00002 0.00003 0.02958 0.01453
0.02147 0.00090 0.00193 0.91661 0.00007 0.05673 0.00229
0.00067 0.71123 0.09836 0.02757 0.01729 0.02175 0.12313
0.06003 0.89840 0.01651 0.00112 0.00000 0.00009 0.02385
0.50898 0.18003 0.01828 0.03693 0.25254 0.00042 0.00281
0.00133 0.00318 0.99059 0.00148 0.00000 0.00104 0.00239
0.00051 0.00023 0.28379 0.00035 0.00000 0.01010 0.70502
0.00001 0.00180 0.01981 0.00000 0.95787 0.00000 0.02050
0.00000 0.02893 0.01370 0.00458 0.00104 0.86564 0.08611
0.07319 0.00231 0.89749 0.00102 0.00016 0.01151 0.01432
0.00508 0.00737 0.70747 0.04231 0.21532 0.00108 0.02137
0.00896 0.54967 0.09796 0.02323 0.07512 0.06301 0.18205
0.01743 0.06006 0.00987 0.76153 0.01027 0.00779 0.13304
0.00000 0.31672 0.00266 0.00000 0.68001 0.00061 0.00000
0.00095 0.01928 0.46225 0.03448 0.00000 0.00371 0.47932
0.02523 0.01815 0.15553 0.73505 0.01425 0.01798 0.03381
0.03719 0.38852 0.07970 0.09547 0.24205 0.04365 0.11342
0.00038 0.00000 0.00099 0.00007 0.00004 0.99847 0.00005
0.00331 0.00646 0.00047 0.70269 0.00001 0.02522 0.26184
0.01963 0.05373 0.69370 0.00005 0.09538 0.00356 0.13395
0.03719 0.38852 0.07970 0.09547 0.24205 0.04365 0.11342
0.00686 0.06452 0.37522 0.23087 0.00197 0.01621 0.30434
0.00000 0.00028 0.00034 0.00000 0.99929 0.00000 0.00009
0.39287 0.04183 0.19814 0.08185 0.00003 0.20344 0.08184
0.03980 0.32636 0.18300 0.04874 0.00485 0.00777 0.38947
0.00000 0.00000 0.00398 0.00000 0.00001 0.99498 0.00103
0.07383 0.05884 0.07203 0.03393 0.00302 0.02058 0.73776
0.00019 0.00307 0.00093 0.01463 0.96791 0.00025 0.01301
0.00096 0.26856 0.00307 0.12020 0.00012 0.00690 0.60019
0.00001 0.00137 0.17516 0.00000 0.61105 0.00649 0.20590
0.03064 0.00072 0.00009 0.90443 0.00034 0.00653 0.05726
0.00813 0.31384 0.46815 0.00013 0.05077 0.00066 0.15833
0.54706 0.00773 0.00334 0.44000 0.00000 0.00029 0.00159
0.00000 0.00001 0.00002 0.00000 0.99997 0.00000 0.00000
0.00140 0.97159 0.00272 0.00062 0.01135 0.00358 0.00875
0.55281 0.01934 0.13779 0.01248 0.00101 0.17341 0.10316
0.00127 0.03898 0.04127 0.00196 0.91297 0.00119 0.00236
0.19284 0.04536 0.25676 0.13210 0.01220 0.08891 0.27183
0.00432 0.00146 0.07181 0.00012 0.00521 0.00801 0.90907
0.14495 0.08738 0.36381 0.01203 0.00309 0.13935 0.24939
0.00133 0.16872 0.03682 0.00099 0.18907 0.46157 0.14149
0.03068 0.00317 0.09181 0.01715 0.00031 0.10256 0.75432
0.00337 0.15827 0.54832 0.00951 0.00616 0.01593 0.25843
0.14711 0.36806 0.00425 0.45696 0.00001 0.00655 0.01706
0.00416 0.19282 0.01138 0.73901 0.00029 0.01134 0.04101
0.06181 0.64068 0.11733 0.06368 0.00087 0.09732 0.01831
0.00056 0.12294 0.23744 0.19187 0.30827 0.00580 0.13312
0.00634 0.01131 0.57710 0.07459 0.00431 0.31506 0.01129
0.00190 0.01584 0.00912 0.05471 0.00081 0.01815 0.89946
0.05317 0.01272 0.67905 0.01995 0.00005 0.16178 0.07328
0.00235 0.00015 0.57451 0.00772 0.00002 0.17270 0.24256
0.29534 0.00035 0.00752 0.06401 0.00000 0.41651 0.21627
0.00001 0.00007 0.01090 0.00001 0.98639 0.00232 0.00030
0.01698 0.02423 0.23617 0.60966 0.03139 0.01440 0.06717
0.00002 0.91591 0.03513 0.00047 0.00020 0.01637 0.03190
0.00038 0.00603 0.01065 0.00260 0.05791 0.00084 0.92160
0.05348 0.10327 0.28905 0.33773 0.05910 0.10580 0.05156
0.03415 0.02105 0.00080 0.66611 0.00003 0.02141 0.25645
0.00000 0.00000 0.02051 0.00000 0.31847 0.66102 0.00000
0.00000 0.00022 0.99896 0.00000 0.00049 0.00000 0.00032
0.00000 0.00116 0.00009 0.99749 0.00000 0.00125 0.00000
0.00076 0.00008 0.00001 0.99061 0.00001 0.00779 0.00074
0.57035 0.00816 0.24339 0.06862 0.00040 0.10349 0.00559
0.00000 0.00001 0.00002 0.00003 0.96701 0.02955 0.00339
0.02443 0.01934 0.89132 0.03361 0.00417 0.00121 0.02591
0.10212 0.00000 0.00000 0.89635 0.00000 0.00120 0.00032
0.25704 0.11227 0.10120 0.48370 0.00002 0.00035 0.04541
0.15026 0.00161 0.07682 0.00069 0.00000 0.00749 0.76313
0.02803 0.02198 0.00493 0.00352 0.00023 0.91975 0.02155
0.99821 0.00000 0.00178 0.00000 0.00000 0.00001 0.00000
0.00510 0.24087 0.17533 0.13992 0.30664 0.01143 0.12071
0.00324 0.00868 0.61196 0.00040 0.03822 0.00017 0.33733
0.10726 0.01115 0.11392 0.04946 0.09744 0.01054 0.61024
0.09659 0.02117 0.04310 0.79226 0.00086 0.02858 0.01746
0.00247 0.01463 0.77349 0.03431 0.00208 0.00617 0.16685
0.00327 0.00205 0.10259 0.00486 0.00018 0.25870 0.62835
0.08399 0.00733 0.00284 0.90173 0.00001 0.00088 0.00322
0.00009 0.95527 0.03747 0.00268 0.00076 0.00043 0.00330
0.06831 0.69855 0.11262 0.00003 0.00005 0.05890 0.06154
0.00107 0.06244 0.01642 0.00049 0.00000 0.91452 0.00505
0.07596 0.00560 0.01662 0.60691 0.00002 0.10782 0.18707
0.42067 0.01688 0.04776 0.06896 0.09841 0.01202 0.33532
0.06885 0.03291 0.57857 0.10288 0.00002 0.06038 0.15639
0.00041 0.00004 0.00000 0.99296 0.00000 0.00441 0.00217
0.03719 0.38852 0.07970 0.09547 0.24205 0.04365 0.11342
0.00000 0.00000 0.84110 0.05734 0.00000 0.09752 0.00403
0.03719 0.38852 0.07970 0.09547 0.24205 0.04365 0.11342
0.00231 0.05332 0.81533 0.00501 0.00040 0.00005 0.12359
0.01084 0.00845 0.01782 0.00386 0.45631 0.00451 0.49822
0.03164 0.04053 0.22177 0.63701 0.00007 0.05296 0.01603
0.00130 0.60351 0.03640 0.00923 0.00084 0.33743 0.01129
0.00006 0.05519 0.01844 0.00001 0.85906 0.00042 0.06681
0.50543 0.00046 0.49102 0.00086 0.00000 0.00148 0.00075
0.90928 0.00090 0.00074 0.08378 0.00000 0.00000 0.00530
0.01507 0.03488 0.02138 0.69415 0.00003 0.01702 0.21747
0.00033 0.28461 0.00084 0.00779 0.00000 0.00019 0.70624
0.00004 0.00025 0.00759 0.00000 0.00013 0.99197 0.00001
0.00002 0.01271 0.31272 0.21084 0.06016 0.19064 0.21291
0.00010 0.00002 0.00033 0.00387 0.00000 0.99148 0.00419
0.00444 0.01576 0.11496 0.01065 0.35338 0.00082 0.49998
0.00000 0.00266 0.00006 0.00000 0.99611 0.00002 0.00115
0.00000 0.00007 0.00000 0.00000 0.00000 0.99993 0.00000
0.00005 0.00008 0.97182 0.00007 0.00002 0.02650 0.00146
0.67464 0.00101 0.04047 0.22841 0.00016 0.02311 0.03220
0.00000 0.00000 0.00000 0.99999 0.00000 0.00000 0.00000
0.50998 0.00161 0.23476 0.03129 0.00006 0.22114 0.00116
0.00000 0.00000 0.00000 0.00000 1.00000 0.00000 0.00000
0.14559 0.00216 0.16857 0.05606 0.02714 0.41703 0.18345
0.14947 0.16165 0.00639 0.10974 0.00191 0.15300 0.41785
0.00056 0.00763 0.45568 0.01424 0.13136 0.24445 0.14608
0.00799 0.07988 0.29651 0.00080 0.00000 0.54261 0.07220
0.00914 0.64325 0.01317 0.00691 0.01326 0.26899 0.04527
0.98757 0.00455 0.00000 0.00674 0.00000 0.00000 0.00113
0.00036 0.00550 0.00403 0.98128 0.00009 0.00010 0.00864
0.31698 0.04344 0.08382 0.14230 0.01744 0.00749 0.38852
0.00011 0.00007 0.00291 0.00005 0.00000 0.99479 0.00208
0.00000 0.03418 0.00503 0.00003 0.13024 0.53758 0.29294
0.00054 0.06849 0.14831 0.00041 0.00003 0.01289 0.76932
0.00130 0.03801 0.06107 0.00003 0.00296 0.80026 0.09636
0.03309 0.09522 0.50754 0.02726 0.00375 0.03070 0.30245
0.54745 0.00141 0.01200 0.00009 0.00012 0.00483 0.43411
0.00000 0.00041 0.08008 0.80246 0.00000 0.03038 0.08666
0.05527 0.22351 0.11995 0.19305 0.14232 0.12692 0.13898
0.05256 0.10944 0.16389 0.00000 0.00000 0.00057 0.67354
0.18799 0.00599 0.00147 0.76587 0.00001 0.01390 0.02477
0.00004 0.14138 0.85182 0.00007 0.00067 0.00546 0.00055
0.00397 0.06546 0.00095 0.00363 0.00226 0.01830 0.90542
0.05170 0.04380 0.04468 0.82525 0.00098 0.01975 0.01384
0.00234 0.01003 0.34291 0.00262 0.00080 0.45332 0.18797
0.80588 0.00553 0.02074 0.03970 0.00007 0.08917 0.03891
0.00216 0.00312 0.00037 0.84116 0.04970 0.00513 0.09836
0.07683 0.01595 0.41557 0.20775 0.00000 0.17853 0.10537
0.03612 0.02641 0.03565 0.14834 0.00137 0.00042 0.75169
0.05903 0.16397 0.27303 0.07202 0.01448 0.28327 0.13421
0.33315 0.01794 0.02647 0.25456 0.11682 0.22081 0.03025
0.00000 0.00547 0.01376 0.00511 0.78042 0.12364 0.07160
0.02816 0.00142 0.08612 0.69163 0.00065 0.16550 0.02650
0.00001 0.00037 0.00001 0.00002 0.98376 0.00001 0.01581
0.43637 0.01283 0.02206 0.38944 0.00017 0.02467 0.11446
0.00608 0.00925 0.03858 0.00788 0.00525 0.03741 0.89554
0.00002 0.00045 0.29359 0.00057 0.69624 0.00158 0.00754
0.47860 0.00646 0.00290 0.45735 0.00000 0.00005 0.05465
0.00290 0.00033 0.02381 0.00740 0.00000 0.05169 0.91388
0.23012 0.04600 0.29580 0.06845 0.03375 0.07110 0.25476
0.01208 0.01767 0.00277 0.00551 0.00001 0.96093 0.00102
0.14518 0.19769 0.25086 0.03816 0.00002 0.00040 0.36770
0.04926 0.18355 0.37575 0.07043 0.00661 0.01833 0.29607
0.55814 0.00983 0.31938 0.02597 0.00000 0.01359 0.07309
0.00050 0.00069 0.00366 0.01491 0.00000 0.32725 0.65299
0.00845 0.06887 0.02130 0.00188 0.00248 0.51593 0.38108
0.00215 0.58735 0.21224 0.00200 0.12111 0.00007 0.07509
0.00189 0.00577 0.41915 0.00101 0.01081 0.09942 0.46195
0.00273 0.41617 0.35327 0.14181 0.00002 0.08544 0.00055
0.00004 0.00000 0.92348 0.00001 0.00002 0.00043 0.07601
0.00257 0.01922 0.05050 0.03113 0.00022 0.80380 0.09255
0.01068 0.83993 0.04250 0.00048 0.00271 0.07602 0.02767
0.00000 0.00000 0.00000 0.00000 1.00000 0.00000 0.00000
0.24605 0.00193 0.01226 0.15591 0.00000 0.00065 0.58319
0.00082 0.00008 0.00013 0.00091 0.00005 0.99798 0.00002
0.01057 0.00371 0.62767 0.00392 0.00023 0.20120 0.15270
0.00754 0.01028 0.42398 0.00125 0.48838 0.04481 0.02376
0.00000 0.03276 0.00018 0.00003 0.13919 0.80662 0.02122
0.00153 0.37714 0.13203 0.00347 0.17639 0.01190 0.29754
0.02499 0.05019 0.11041 0.48874 0.01686 0.02438 0.28444
0.13687 0.86198 0.00000 0.00000 0.00000 0.00001 0.00114
0.00000 0.00001 0.00323 0.00000 0.96553 0.00007 0.03115
0.00133 0.00087 0.05408 0.00094 0.00424 0.00073 0.93780
0.00020 0.00394 0.00271 0.00007 0.70047 0.01045 0.28217
0.00008 0.05300 0.32244 0.00007 0.56364 0.00011 0.06065
0.00008 0.00067 0.65030 0.01136 0.00038 0.00184 0.33537
0.00150 0.00471 0.02869 0.16336 0.23641 0.02642 0.53890
0.00000 0.03593 0.46725 0.00000 0.00012 0.49670 0.00001
0.01025 0.08973 0.00006 0.67973 0.00000 0.07566 0.14456
0.02183 0.32893 0.22832 0.00004 0.18090 0.23852 0.00147
0.18692 0.05121 0.08709 0.58880 0.00001 0.00541 0.08056
0.42380 0.06091 0.01733 0.27670 0.02620 0.09741 0.09766
0.00000 0.15902 0.01824 0.00003 0.00000 0.03390 0.78881
0.00001 0.00017 0.00233 0.00000 0.00072 0.99203 0.00474
0.00189 0.00693 0.00288 0.00112 0.39691 0.00058 0.58970
0.00000 0.00102 0.00624 0.00000 0.96710 0.00078 0.02486
0.00594 0.00252 0.02722 0.00032 0.00267 0.00948 0.95186
0.09517 0.21316 0.14342 0.01746 0.00437 0.24483 0.28159
0.02290 0.04286 0.00816 0.01269 0.00010 0.01097 0.90232
0.00017 0.00000 0.00007 0.00000 0.00000 0.99911 0.00064
0.09949 0.05535 0.39230 0.01521 0.00000 0.04790 0.38975
0.00000 0.35833 0.01106 0.00032 0.24700 0.36239 0.02089
0.00039 0.00001 0.99808 0.00000 0.00021 0.00117 0.00014
0.00036 0.00034 0.00117 0.00001 0.10664 0.00000 0.89149
0.00071 0.00837 0.00553 0.00004 0.97470 0.00742 0.00322
0.00003 0.05076 0.87380 0.00352 0.06793 0.00098 0.00298
0.00000 0.00001 0.00000 0.00000 0.99897 0.00000 0.00102
0.01177 0.00730 0.00756 0.21086 0.00042 0.00089 0.76120
0.01168 0.00481 0.01581 0.00975 0.00801 0.00918 0.94077
0.07978 0.00991 0.22679 0.00941 0.03238 0.17508 0.46665
0.00000 0.14908 0.00000 0.00000 0.84953 0.00000 0.00139
0.00002 0.00002 0.12870 0.00000 0.00005 0.87053 0.00068
0.79612 0.00603 0.04785 0.02337 0.00199 0.08902 0.03562
0.13148 0.17306 0.00025 0.25290 0.00005 0.09530 0.34697
0.00131 0.97151 0.00011 0.00854 0.00004 0.00069 0.01780
0.00082 0.00517 0.98940 0.00002 0.00123 0.00012 0.00324
0.00383 0.68237 0.20742 0.10632 0.00000 0.00003 0.00003
0.00000 1.00000 0.00000 0.00000 0.00000 0.00000 0.00000
0.00023 0.06924 0.79400 0.00055 0.00001 0.04567 0.09030
0.07018 0.01190 0.71237 0.00878 0.00475 0.01532 0.17670
0.67212 0.00920 0.00426 0.11406 0.00017 0.10761 0.09257
0.00006 0.00131 0.99047 0.00201 0.00088 0.00378 0.00148
0.37811 0.01165 0.10749 0.40354 0.00006 0.02045 0.07870
0.00275 0.00360 0.18195 0.16217 0.15121 0.20464 0.29368
0.00000 0.00000 0.00000 0.00000 1.00000 0.00000 0.00000
0.00000 0.00005 0.00504 0.00000 0.97613 0.00431 0.01447
0.00089 0.60773 0.03268 0.05240 0.22053 0.00442 0.08135
0.00067 0.00153 0.02847 0.53418 0.00000 0.43422 0.00092
0.13314 0.00443 0.25024 0.01784 0.00027 0.56620 0.02788
0.00000 0.00514 0.00062 0.02213 0.00001 0.71924 0.25286
0.00006 0.47244 0.00034 0.51677 0.00256 0.00015 0.00767
0.01503 0.08944 0.32322 0.10090 0.15931 0.01791 0.29418
0.09561 0.07574 0.34388 0.22379 0.02756 0.21291 0.02051
0.01560 0.02251 0.53617 0.34542 0.00154 0.04272 0.03604
0.05900 0.48142 0.28449 0.00351 0.00124 0.00044 0.16990
0.00046 0.07112 0.12223 0.00037 0.11612 0.00451 0.68518
0.38375 0.03599 0.08591 0.29069 0.00111 0.12390 0.07866
0.15628 0.15358 0.04797 0.01973 0.00000 0.00000 0.62244
0.00892 0.02311 0.31602 0.01322 0.10390 0.04288 0.49194
0.01062 0.13820 0.02943 0.00909 0.04728 0.67856 0.08682
0.08845 0.02345 0.03710 0.29785 0.00029 0.47174 0.08111
0.03258 0.06775 0.16369 0.05234 0.00593 0.08123 0.59648
0.00000 0.00000 0.99999 0.00000 0.00000 0.00000 0.00000
0.02299 0.08748 0.04072 0.03321 0.00328 0.27607 0.53625
0.00000 0.96634 0.00308 0.00056 0.00035 0.00063 0.02904
0.02048 0.04089 0.04254 0.00005 0.00091 0.01489 0.88024
0.02403 0.14174 0.07132 0.00691 0.01393 0.03092 0.71116
0.17904 0.31439 0.12305 0.28539 0.00425 0.01989 0.07398
0.00003 0.00007 0.99180 0.00000 0.00000 0.00802 0.00008
0.01726 0.32129 0.24004 0.00086 0.00000 0.35267 0.06788
0.00005 0.01321 0.55131 0.00002 0.00250 0.00010 0.43280
0.01266 0.21619 0.08791 0.01129 0.00121 0.15498 0.51577
0.00000 0.00004 0.97913 0.00008 0.00000 0.00000 0.02075
0.00033 0.00244 0.00201 0.00109 0.00593 0.92760 0.06059
0.00233 0.20635 0.01527 0.00238 0.00017 0.00317 0.77033
0.04699 0.14231 0.00794 0.17107 0.00032 0.13567 0.49570
0.18918 0.09224 0.27873 0.21309 0.00230 0.18410 0.04035
0.02314 0.05849 0.81582 0.05017 0.00141 0.04681 0.00414
0.00724 0.00839 0.95170 0.00000 0.00018 0.00858 0.02390
0.00004 0.12378 0.87588 0.00000 0.00000 0.00000 0.00029
0.98485 0.00262 0.00514 0.00140 0.00002 0.00135 0.00462
0.02638 0.43792 0.00358 0.00467 0.00002 0.00001 0.52743
0.05504 0.02964 0.88027 0.00000 0.02059 0.00001 0.01444
0.00068 0.00017 0.00410 0.97094 0.00000 0.00002 0.02409
0.00000 0.05103 0.00650 0.00022 0.00002 0.94047 0.00176
0.46768 0.01644 0.11298 0.04895 0.00027 0.27260 0.08108
0.56257 0.07302 0.00803 0.24664 0.00017 0.00231 0.10726
0.02973 0.32287 0.00003 0.03805 0.00000 0.01346 0.59585
0.00000 0.00000 0.00000 0.00000 0.06251 0.93724 0.00025
0.41011 0.00095 0.00028 0.22938 0.00000 0.01921 0.34006
0.00000 0.00000 0.00095 0.00000 0.99904 0.00000 0.00000
0.00426 0.02920 0.01071 0.05918 0.00292 0.01639 0.87734
0.87870 0.03494 0.00396 0.00511 0.00000 0.07389 0.00341
0.00077 0.29717 0.00265 0.00166 0.00000 0.00000 0.69773
0.00140 0.78491 0.16498 0.00744 0.00487 0.01127 0.02511
0.00003 0.00081 0.23237 0.00020 0.46011 0.00569 0.30079
