# Country Folk Indie Jazz Metal Pop Rock
0.14518 0.01658 0.03180 0.44340 0.00386 0.26318 0.09600
0.01998 0.00023 0.01030 0.02700 0.00030 0.18306 0.75913
0.00005 0.99985 0.00000 0.00001 0.00002 0.00002 0.00005
0.02797 0.12744 0.08514 0.04447 0.14903 0.32619 0.23976
0.00000 0.00000 0.12633 0.00000 0.01861 0.00008 0.85498
0.00000 0.00005 0.00000 0.00002 0.99678 0.00011 0.00304
0.94873 0.00011 0.00160 0.03872 0.00004 0.00450 0.00630
0.55180 0.00197 0.01900 0.13233 0.00000 0.27832 0.01657
0.00006 0.00131 0.14531 0.00021 0.00323 0.80645 0.04344
0.05028 0.35323 0.07527 0.10492 0.22137 0.06796 0.12696
0.00019 0.00190 0.13503 0.00110 0.02487 0.16641 0.67051
0.26485 0.02623 0.24059 0.01914 0.00041 0.26097 0.18781
0.00211 0.00016 0.96253 0.00118 0.00001 0.02541 0.00860
0.00342 0.00002 0.00001 0.98063 0.00000 0.00515 0.01076
0.38454 0.00853 0.06245 0.26240 0.00008 0.06020 0.22179
0.01698 0.00046 0.02012 0.05625 0.00849 0.80298 0.09473
0.00195 0.00004 0.16668 0.03828 0.03400 0.38199 0.37706
0.00031 0.00425 0.76519 0.00003 0.00013 0.15770 0.07239
0.00005 0.04225 0.28535 0.00037 0.00038 0.00366 0.66793
0.81430 0.02071 0.00226 0.06662 0.00004 0.04212 0.05396
0.99953 0.00001 0.00000 0.00029 0.00000 0.00006 0.00011
0.02287 0.00059 0.95371 0.00122 0.00002 0.00923 0.01237
0.00006 0.00098 0.94815 0.00015 0.00002 0.00970 0.04093
0.00000 0.42131 0.05415 0.00000 0.00368 0.00283 0.51803
0.00005 0.00016 0.00001 0.00001 0.86106 0.00002 0.13870
0.00013 0.30452 0.03687 0.00018 0.00002 0.00122 0.65707
0.00208 0.01326 0.02793 0.01011 0.01581 0.17446 0.75635
0.00003 0.00263 0.00005 0.00023 0.99030 0.00042 0.00634
0.00149 0.00055 0.00202 0.02368 0.00007 0.96899 0.00319
0.98766 0.00008 0.00001 0.00629 0.00000 0.00025 0.00570
0.00058 0.33582 0.00019 0.55412 0.04827 0.01848 0.04254
0.14669 0.00090 0.06107 0.62237 0.00121 0.16035 0.00741
0.00267 0.00068 0.00332 0.00127 0.79567 0.18336 0.01302
0.53914 0.00168 0.02571 0.10475 0.00023 0.24700 0.08148
0.12245 0.00568 0.01566 0.41125 0.00012 0.01054 0.43430
0.01605 0.00007 0.00357 0.16669 0.00164 0.78861 0.02337
0.77909 0.00174 0.01764 0.03328 0.00005 0.01524 0.15297
0.16590 0.00685 0.00127 0.67049 0.00008 0.12954 0.02587
0.05028 0.35323 0.07527 0.10492 0.22137 0.06796 0.12696
0.95841 0.00204 0.00197 0.00533 0.00000 0.00021 0.03203
0.00036 0.00195 0.20659 0.00091 0.00064 0.71891 0.07065
0.00022 0.00026 0.07752 0.00055 0.00485 0.79514 0.12147
0.02240 0.58266 0.00284 0.10494 0.01088 0.02342 0.25285
0.00016 0.00747 0.01489 0.00092 0.39661 0.00290 0.57705
0.00921 0.00057 0.35981 0.00075 0.00013 0.60285 0.02667
0.07192 0.05070 0.00466 0.43322 0.00014 0.43268 0.00667
0.00569 0.00002 0.00361 0.31092 0.00014 0.67773 0.00189
0.01154 0.00022 0.04031 0.00346 0.00031 0.92443 0.01973
0.31608 0.67841 0.00003 0.00541 0.00000 0.00003 0.00004
0.00132 0.28989 0.02519 0.00894 0.00900 0.00011 0.66554
0.18122 0.32843 0.20372 0.08095 0.00013 0.00792 0.19763
0.00093 0.00921 0.94070 0.00102 0.00034 0.02517 0.02263
0.00000 0.00015 0.00012 0.00001 0.98679 0.01163 0.00130
0.83972 0.00017 0.00826 0.04831 0.00002 0.08592 0.01762
0.00341 0.09556 0.04153 0.00309 0.00027 0.00092 0.85521
0.00125 0.56612 0.00006 0.00635 0.00138 0.00266 0.42218
0.00000 0.00000 0.00000 0.00000 0.00000 1.00000 0.00000
0.01719 0.00049 0.06823 0.02045 0.00081 0.80103 0.09180
0.03410 0.00155 0.01203 0.10373 0.00094 0.79538 0.05226
0.00005 0.00493 0.60016 0.00003 0.00685 0.00079 0.38719
0.01435 0.01162 0.29420 0.00426 0.01553 0.08534 0.57470
0.16111 0.00882 0.40525 0.00139 0.00016 0.00050 0.42277
0.12074 0.01936 0.54039 0.03953 0.00030 0.24896 0.03073
0.09078 0.01037 0.18689 0.07081 0.01128 0.29439 0.33548
0.00003 0.38964 0.32347 0.00135 0.00235 0.16663 0.11653
0.00383 0.00256 0.20547 0.00597 0.43206 0.01593 0.33416
0.89288 0.00137 0.01018 0.04348 0.00020 0.00886 0.04303
0.14063 0.00053 0.00067 0.20574 0.00047 0.39062 0.26134
0.00121 0.00018 0.63830 0.00006 0.00001 0.00019 0.36005
0.08234 0.00398 0.00998 0.02986 0.00010 0.86881 0.00493
0.42425 0.00002 0.56757 0.00017 0.00000 0.00007 0.00792
0.00263 0.41672 0.04486 0.07868 0.08867 0.33345 0.03500
0.00104 0.00042 0.81083 0.00038 0.00061 0.01904 0.16768
0.98910 0.00001 0.00065 0.00870 0.00000 0.00122 0.00033
0.22793 0.00013 0.00011 0.76722 0.00000 0.00391 0.00070
0.01866 0.00032 0.43755 0.00403 0.00060 0.00809 0.53076
0.00425 0.00347 0.07306 0.03056 0.00629 0.86208 0.02028
0.00000 0.00042 0.00000 0.00000 0.99956 0.00000 0.00002
0.00003 0.00356 0.00044 0.00019 0.19919 0.79393 0.00267
0.43192 0.00060 0.00289 0.01360 0.00002 0.54357 0.00740
0.00609 0.00049 0.95124 0.00083 0.00007 0.03194 0.00934
0.00000 0.00000 0.00000 0.00000 1.00000 0.00000 0.00000
0.00001 0.00015 0.01549 0.00368 0.03016 0.90333 0.04718
0.23289 0.03135 0.03538 0.40328 0.00739 0.11852 0.17119
0.00000 0.00022 0.00010 0.00019 0.00155 0.99761 0.00034
0.13287 0.00047 0.00000 0.86618 0.00000 0.00003 0.00045
0.99938 0.00000 0.00000 0.00053 0.00000 0.00000 0.00009
0.16352 0.00102 0.01410 0.77389 0.00003 0.03152 0.01591
0.50003 0.35077 0.03042 0.00916 0.00009 0.00587 0.10367
0.01946 0.02306 0.06174 0.00970 0.06071 0.73764 0.08769
0.00130 0.00060 0.02450 0.16638 0.00108 0.77021 0.03593
0.00370 0.00064 0.00514 0.17546 0.00011 0.00311 0.81184
0.08258 0.00006 0.07386 0.01966 0.00037 0.81614 0.00733
0.06382 0.00418 0.08502 0.40166 0.00023 0.35382 0.09127
0.77625 0.01158 0.03209 0.01696 0.00009 0.07267 0.09035
0.00001 0.01350 0.00028 0.00003 0.86869 0.08005 0.03745
0.57873 0.00163 0.03498 0.30729 0.00063 0.05579 0.02095
0.00000 0.00013 0.00061 0.00004 0.00760 0.89647 0.09515
0.96029 0.00102 0.00006 0.03675 0.00000 0.00099 0.00088
0.30523 0.00495 0.14182 0.07017 0.00025 0.25121 0.22637
0.81133 0.01165 0.00020 0.14121 0.00001 0.00607 0.02953
0.00042 0.00015 0.01122 0.02904 0.00007 0.95726 0.00184
0.00440 0.98307 0.00009 0.01138 0.00051 0.00012 0.00043
0.00339 0.00003 0.93156 0.00005 0.00000 0.00006 0.06492
0.00000 0.00000 0.00000 0.00000 1.00000 0.00000 0.00000
0.00000 0.00000 0.00001 0.00027 0.00064 0.99893 0.00014
0.92544 0.00004 0.00010 0.00053 0.00000 0.00017 0.07371
0.84009 0.00031 0.00136 0.12645 0.00002 0.01800 0.01377
0.00000 0.00025 0.00170 0.00001 0.00015 0.99785 0.00003
0.00000 0.01130 0.01547 0.00074 0.88265 0.06157 0.02826
0.94699 0.02039 0.00116 0.02508 0.00000 0.00027 0.00611
0.17481 0.00001 0.00000 0.82479 0.00000 0.00017 0.00022
0.00000 1.00000 0.00000 0.00000 0.00000 0.00000 0.00000
0.00036 0.02788 0.39942 0.00197 0.08368 0.05410 0.43259
0.00028 0.00946 0.08318 0.00012 0.00117 0.00207 0.90373
0.00035 0.00739 0.79323 0.00006 0.00071 0.19442 0.00384
0.10734 0.33508 0.02145 0.06508 0.00017 0.41789 0.05299
0.17883 0.00173 0.01681 0.65041 0.00016 0.01057 0.14147
0.00024 0.00032 0.03688 0.17360 0.00046 0.78561 0.00289
0.07120 0.42091 0.21934 0.00467 0.00077 0.23698 0.04613
0.06496 0.19518 0.17953 0.04328 0.00222 0.45977 0.05506
0.00001 0.00022 0.01013 0.00018 0.00068 0.98787 0.00090
0.00002 0.00141 0.01627 0.01308 0.01887 0.93283 0.01752
0.02539 0.00005 0.00005 0.96902 0.00000 0.00305 0.00245
0.00014 0.00010 0.01727 0.02010 0.00791 0.69527 0.25921
0.00571 0.00456 0.01689 0.25170 0.00129 0.58752 0.13232
0.17507 0.00546 0.18746 0.03700 0.00199 0.17352 0.41950
0.86508 0.00107 0.00009 0.08520 0.00001 0.00403 0.04453
0.08408 0.00012 0.25462 0.02388 0.00520 0.02098 0.61111
0.00658 0.00117 0.00480 0.93512 0.00098 0.03264 0.01871
0.00002 0.25893 0.71129 0.00000 0.01416 0.00021 0.01539
0.00000 0.00000 0.00000 0.00000 0.99998 0.00000 0.00002
0.00102 0.00380 0.95965 0.00022 0.00108 0.03103 0.00320
0.00014 0.00009 0.02500 0.00091 0.00122 0.95536 0.01729
0.01646 0.00025 0.88282 0.00025 0.00002 0.03893 0.06127
0.00022 0.01394 0.00014 0.97945 0.00000 0.00596 0.00029
0.62026 0.00010 0.02814 0.01323 0.00006 0.23780 0.10043
0.91784 0.00000 0.00001 0.08156 0.00000 0.00030 0.00028
0.31920 0.00917 0.11488 0.35564 0.00251 0.07769 0.12091
0.00035 0.01638 0.02847 0.00155 0.03131 0.86769 0.05424
0.00307 0.00009 0.92767 0.00010 0.00011 0.00952 0.05945
0.03349 0.00348 0.00504 0.95152 0.00000 0.00358 0.00290
0.00002 0.00075 0.01059 0.00006 0.00044 0.00023 0.98791
0.99774 0.00214 0.00003 0.00008 0.00000 0.00000 0.00001
0.00030 0.00012 0.92659 0.03293 0.00447 0.02837 0.00722
0.35030 0.02263 0.18672 0.05075 0.00787 0.32301 0.05872
0.00143 0.00005 0.94079 0.00004 0.00007 0.00284 0.05478
0.00014 0.00005 0.78820 0.00913 0.00098 0.17621 0.02529
0.00065 0.00555 0.65563 0.04815 0.00031 0.14658 0.14313
0.08748 0.00023 0.00616 0.88175 0.00000 0.01568 0.00868
0.41057 0.00011 0.01855 0.02287 0.00008 0.00830 0.53952
0.02702 0.00363 0.03152 0.07491 0.49165 0.02499 0.34627
0.00000 0.00003 0.00033 0.00016 0.56651 0.00019 0.43277
0.03712 0.02166 0.04591 0.02247 0.10464 0.01746 0.75073
0.08096 0.00631 0.54524 0.00070 0.00110 0.12141 0.24428
0.00519 0.53477 0.12776 0.01147 0.07011 0.05547 0.19524
0.08717 0.13345 0.13054 0.11662 0.15027 0.08360 0.29835
0.09274 0.01529 0.38728 0.22338 0.00042 0.24422 0.03668
0.97026 0.00178 0.00075 0.02213 0.00000 0.00304 0.00204
0.05028 0.35323 0.07527 0.10492 0.22137 0.06796 0.12696
0.00019 0.01207 0.04293 0.03090 0.04041 0.84117 0.03233
0.00000 0.00215 0.00114 0.00000 0.98952 0.00013 0.00705
0.97032 0.00013 0.00008 0.02761 0.00000 0.00055 0.00130
0.00127 0.00286 0.98304 0.00000 0.00001 0.00027 0.01254
0.00475 0.00413 0.84218 0.00108 0.00011 0.06745 0.08029
0.08042 0.00708 0.49943 0.01654 0.01077 0.01276 0.37300
0.00000 0.00008 0.04455 0.00001 0.00066 0.94788 0.00680
0.16399 0.00016 0.00135 0.72864 0.00001 0.00141 0.10444
0.00002 0.67121 0.02762 0.00001 0.28581 0.00027 0.01507
0.00043 0.00005 0.05357 0.00158 0.00027 0.03196 0.91216
0.00031 0.00152 0.69426 0.00003 0.00101 0.00303 0.29985
0.00000 0.00000 0.00189 0.00000 0.83251 0.00062 0.16497
0.00000 0.00629 0.00463 0.00039 0.88117 0.01555 0.09197
0.02791 0.00003 0.00167 0.52733 0.00004 0.09093 0.35209
0.10848 0.00022 0.62530 0.00204 0.00383 0.02248 0.23766
0.00000 0.00038 0.00000 0.00000 0.99489 0.00002 0.00470
0.62819 0.00804 0.01606 0.22046 0.00006 0.00366 0.12352
0.00000 0.00000 0.00000 0.00000 1.00000 0.00000 0.00000
0.00040 0.99829 0.00033 0.00000 0.00011 0.00002 0.00085
0.45888 0.00006 0.00183 0.53679 0.00000 0.00185 0.00059
0.12872 0.00219 0.00339 0.00635 0.00025 0.85313 0.00596
0.00000 0.00077 0.01383 0.00008 0.61206 0.20138 0.17188
0.78480 0.00035 0.02795 0.02002 0.00003 0.01418 0.15267
0.45449 0.04376 0.00130 0.45415 0.00049 0.01670 0.02910
0.01249 0.00097 0.11848 0.00170 0.00014 0.79854 0.06767
0.56521 0.00004 0.23418 0.00026 0.00001 0.07390 0.12640
0.00106 0.00032 0.00483 0.00454 0.00085 0.97014 0.01826
0.00032 0.00073 0.73597 0.00012 0.00039 0.02053 0.24195
0.00930 0.19882 0.27905 0.14465 0.03823 0.11480 0.21515
0.99216 0.00735 0.00006 0.00029 0.00000 0.00004 0.00010
0.00410 0.00947 0.21278 0.00419 0.01375 0.65315 0.10256
0.00116 0.00005 0.00551 0.00198 0.00207 0.80265 0.18659
0.09378 0.05590 0.00398 0.36869 0.00109 0.33080 0.14576
0.00213 0.00000 0.00001 0.99763 0.00000 0.00017 0.00006
0.08051 0.00062 0.00129 0.45669 0.00008 0.38446 0.07635
0.02288 0.00539 0.02528 0.01650 0.07591 0.04659 0.80746
0.00000 0.10619 0.00104 0.00000 0.63558 0.00001 0.25719
0.00054 0.00019 0.03009 0.01933 0.00013 0.90417 0.04555
0.00603 0.00013 0.07142 0.23878 0.01086 0.50795 0.16484
0.01786 0.04984 0.53743 0.00602 0.01325 0.04684 0.32874
0.77704 0.00080 0.02152 0.03071 0.00012 0.04888 0.12094
0.02070 0.00391 0.52932 0.05719 0.00014 0.05989 0.32886
0.16602 0.02508 0.62757 0.01503 0.00070 0.09964 0.06596
0.70620 0.01168 0.01345 0.14802 0.00005 0.11792 0.00268
0.00005 0.01592 0.05435 0.00020 0.78440 0.06100 0.08409
0.39086 0.00027 0.03472 0.04240 0.00003 0.50071 0.03101
0.00009 0.00288 0.06143 0.03638 0.00327 0.83704 0.05891
0.05028 0.35323 0.07527 0.10492 0.22137 0.06796 0.12696
0.00000 0.37655 0.04006 0.00007 0.50591 0.00427 0.07314
0.00844 0.06014 0.63346 0.00000 0.00001 0.29154 0.00642
0.07787 0.01149 0.90329 0.00308 0.00002 0.00175 0.00249
0.98409 0.00019 0.01035 0.00305 0.00000 0.00109 0.00124
0.00478 0.00298 0.16631 0.00149 0.33368 0.13898 0.35178
0.09100 0.00087 0.35090 0.02230 0.00052 0.42505 0.10936
0.97388 0.01110 0.00079 0.01181 0.00000 0.00021 0.00220
0.04905 0.05360 0.22148 0.18407 0.03200 0.15208 0.30772
0.16591 0.48176 0.00775 0.10022 0.02883 0.02748 0.18804
0.00002 0.04299 0.00230 0.00113 0.00135 0.93223 0.01998
0.00376 0.00113 0.02323 0.01886 0.00072 0.91931 0.03299
0.41408 0.00035 0.00004 0.58427 0.00000 0.00092 0.00034
0.05774 0.06231 0.27903 0.01056 0.03269 0.25256 0.30511
0.96651 0.00001 0.00004 0.03174 0.00000 0.00025 0.00147
0.21942 0.00886 0.04799 0.49628 0.00183 0.16406 0.06156
0.02355 0.00113 0.93919 0.00942 0.00000 0.00049 0.02623
0.90637 0.00032 0.00130 0.08593 0.00000 0.00559 0.00048
0.00000 0.00001 0.00008 0.00000 0.99707 0.00000 0.00284
0.00067 0.14686 0.77192 0.00084 0.00218 0.05426 0.02326
0.00144 0.00107 0.87073 0.00025 0.00108 0.07897 0.04646
0.93725 0.02420 0.00062 0.03546 0.00000 0.00243 0.00003
0.03390 0.00109 0.00251 0.00877 0.00828 0.92413 0.02130
0.00000 0.00000 0.00000 0.00000 1.00000 0.00000 0.00000
0.00058 0.01464 0.00002 0.00269 0.95852 0.00554 0.01800
0.00006 0.00288 0.08001 0.00112 0.00249 0.89401 0.01944
0.02337 0.00048 0.39723 0.01701 0.00162 0.06101 0.49929
0.00000 0.00018 0.00003 0.00003 0.90469 0.00006 0.09501
0.00003 0.00022 0.00125 0.00022 0.15311 0.04495 0.80023
0.00219 0.00297 0.38159 0.00034 0.00318 0.01932 0.59042
0.00022 0.00023 0.00492 0.01631 0.00009 0.97645 0.00178
0.38396 0.00001 0.46620 0.00117 0.00001 0.00209 0.14657
0.00044 0.00001 0.99885 0.00000 0.00000 0.00038 0.00031
0.03030 0.00825 0.00513 0.93421 0.00005 0.00609 0.01598
0.00005 0.04376 0.10330 0.00008 0.03054 0.60093 0.22133
0.00000 0.00009 0.00000 0.00000 0.99956 0.00000 0.00035
0.00000 0.00103 0.00042 0.00001 0.00309 0.98216 0.01329
0.30704 0.11131 0.00015 0.57311 0.00000 0.00129 0.00710
0.13250 0.02030 0.10922 0.00239 0.00124 0.04512 0.68924
0.00002 0.00002 0.99886 0.00000 0.00002 0.00100 0.00010
0.19153 0.00009 0.01077 0.38128 0.00011 0.37198 0.04423
0.00006 0.00105 0.41159 0.00081 0.02273 0.45106 0.11270
0.05754 0.86878 0.00524 0.02471 0.00371 0.00546 0.03456
0.00000 0.00000 0.00000 0.00000 0.95935 0.00000 0.04064
0.04347 0.00976 0.05417 0.09019 0.01658 0.50031 0.28552
0.01309 0.51899 0.05592 0.05375 0.00221 0.01408 0.34197
0.63055 0.00000 0.35163 0.00000 0.00000 0.00001 0.01781
0.00003 0.01442 0.34773 0.00086 0.00038 0.01249 0.62409
0.04304 0.00021 0.01220 0.00700 0.00669 0.64387 0.28700
0.00050 0.00075 0.00256 0.04328 0.00069 0.93985 0.01238
0.16341 0.00507 0.00363 0.76848 0.00001 0.05601 0.00339
0.00001 0.00002 0.99457 0.00000 0.00004 0.00050 0.00486
0.99955 0.00000 0.00012 0.00033 0.00000 0.00000 0.00000
0.01791 0.00150 0.01685 0.06188 0.00095 0.87346 0.02745
0.03251 0.00076 0.89033 0.00021 0.00000 0.00040 0.07580
0.00000 0.00438 0.00132 0.00009 0.12542 0.85092 0.01786
0.00000 0.00079 0.00000 0.00000 0.99888 0.00000 0.00033
0.00235 0.00001 0.00029 0.98650 0.00003 0.00042 0.01039
0.00003 0.00005 0.00048 0.00002 0.00001 0.99938 0.00003
0.00000 0.00000 0.00000 0.00000 1.00000 0.00000 0.00000
0.02967 0.00000 0.00114 0.86321 0.00001 0.09893 0.00705
0.05028 0.35323 0.07527 0.10492 0.22137 0.06796 0.12696
0.00093 0.00068 0.00471 0.00383 0.07910 0.18144 0.72930
0.00001 0.00002 0.00014 0.00021 0.00712 0.98831 0.00419
0.01700 0.00006 0.00060 0.98110 0.00000 0.00071 0.00053
0.00624 0.02518 0.51305 0.09239 0.00058 0.05473 0.30783
0.10734 0.00913 0.32121 0.00026 0.00000 0.00004 0.56202
0.00000 0.99999 0.00000 0.00000 0.00000 0.00000 0.00000
0.00058 0.00906 0.35378 0.00041 0.01652 0.01339 0.60626
0.51071 0.00184 0.00004 0.47963 0.00000 0.00547 0.00232
0.00000 0.00000 0.00000 0.00000 0.99985 0.00000 0.00014
0.00821 0.00235 0.01271 0.07585 0.01088 0.69633 0.19366
0.00000 0.00000 0.00000 0.00000 0.99947 0.00000 0.00053
0.16798 0.00492 0.25717 0.01961 0.00016 0.14231 0.40785
0.77270 0.01675 0.00063 0.03295 0.00016 0.00019 0.17661
0.00190 0.00007 0.00172 0.15410 0.00007 0.75919 0.08294
0.22662 0.00575 0.00157 0.00533 0.00189 0.04438 0.71446
0.12854 0.75400 0.00130 0.10685 0.00000 0.00241 0.00691
0.66610 0.00380 0.01735 0.02833 0.00002 0.28115 0.00325
0.00001 0.00014 0.28612 0.00030 0.01260 0.00207 0.69876
0.01213 0.00764 0.32403 0.37503 0.00723 0.20419 0.06976
0.00000 0.82861 0.00078 0.00005 0.15978 0.00129 0.00949
0.77884 0.00320 0.01096 0.17545 0.00003 0.00618 0.02534
0.05028 0.35323 0.07527 0.10492 0.22137 0.06796 0.12696
0.00087 0.00244 0.05456 0.00307 0.00032 0.93445 0.00428
0.00004 0.00001 0.00685 0.00009 0.00160 0.99022 0.00120
0.00057 0.02628 0.01110 0.00041 0.94259 0.00778 0.01126
0.00134 0.00104 0.96583 0.00012 0.00003 0.00105 0.03060
0.99990 0.00000 0.00006 0.00005 0.00000 0.00000 0.00000
0.64865 0.00141 0.00139 0.26423 0.00003 0.04655 0.03773
0.00562 0.12901 0.24771 0.02787 0.00052 0.56950 0.01977
0.20223 0.02262 0.00544 0.33594 0.00438 0.00722 0.42217
0.05028 0.35323 0.07527 0.10492 0.22137 0.06796 0.12696
0.00000 0.00000 0.00000 0.00016 0.89663 0.10319 0.00002
0.33177 0.00019 0.01356 0.07295 0.00001 0.57122 0.01030
0.00329 0.00007 0.00000 0.99663 0.00000 0.00000 0.00000
0.97059 0.00717 0.00007 0.02195 0.00000 0.00005 0.00017
0.01490 0.00018 0.75351 0.01768 0.00017 0.03552 0.17804
0.00604 0.00662 0.04295 0.18662 0.00284 0.48970 0.26522
0.01761 0.03739 0.04660 0.14821 0.02995 0.28400 0.43625
0.00000 0.00004 0.98691 0.00002 0.00020 0.01134 0.00149
0.00001 0.00000 0.00037 0.02953 0.00233 0.94574 0.02202
0.00062 0.00241 0.23154 0.26555 0.04578 0.32156 0.13254
0.04599 0.00522 0.63632 0.01451 0.00308 0.23234 0.06254
0.02025 0.02079 0.27560 0.00403 0.16286 0.05938 0.45708
0.98316 0.00027 0.00840 0.00392 0.00000 0.00105 0.00320
0.68296 0.00673 0.02164 0.08765 0.00054 0.10891 0.09156
0.04869 0.00240 0.09677 0.01101 0.04639 0.38560 0.40914
0.13287 0.00047 0.00000 0.86618 0.00000 0.00003 0.00045
0.00003 0.00617 0.00525 0.00521 0.00188 0.00029 0.98118
0.00269 0.16317 0.05424 0.02104 0.13374 0.04339 0.58173
0.03323 0.34567 0.07686 0.07404 0.28292 0.05094 0.13636
0.00000 0.03116 0.00000 0.96876 0.00000 0.00000 0.00008
0.96763 0.00145 0.00018 0.02953 0.00000 0.00003 0.00119
0.03836 0.00712 0.25974 0.00480 0.01197 0.38693 0.29108
0.00009 0.00006 0.00452 0.00041 0.80514 0.14981 0.03997
0.94302 0.00042 0.00038 0.05262 0.00001 0.00256 0.00099
0.37972 0.12969 0.16942 0.15521 0.00174 0.08620 0.07801
0.00125 0.00002 0.87747 0.00018 0.00000 0.00040 0.12068
0.00000 0.00001 0.00000 0.00000 0.00004 0.99994 0.00001
0.41474 0.37639 0.01285 0.01963 0.00017 0.01603 0.16019
0.00000 0.00185 0.00000 0.00000 0.99815 0.00000 0.00000
0.00025 0.00015 0.03238 0.00020 0.00264 0.82311 0.14127
0.00429 0.00180 0.77249 0.00061 0.00903 0.19710 0.01468
0.03674 0.76712 0.00042 0.06970 0.00031 0.00415 0.12154
0.00348 0.02258 0.01754 0.00005 0.00017 0.00008 0.95610
0.02103 0.05480 0.10995 0.04930 0.00163 0.06345 0.69984
0.02482 0.00010 0.00000 0.97391 0.00000 0.00001 0.00115
0.33400 0.00020 0.00095 0.63943 0.00002 0.00094 0.02446
0.32956 0.01230 0.38238 0.00941 0.00005 0.06035 0.20596
0.00000 0.00046 0.01375 0.00002 0.95705 0.02357 0.00515
0.05028 0.35323 0.07527 0.10492 0.22137 0.06796 0.12696
0.00000 0.99999 0.00000 0.00000 0.00000 0.00000 0.00001
0.00000 0.99393 0.00000 0.00000 0.00065 0.00000 0.00543
0.00000 1.00000 0.00000 0.00000 0.00000 0.00000 0.00000
0.99840 0.00000 0.00127 0.00001 0.00000 0.00007 0.00024
0.00023 0.00851 0.94902 0.00001 0.01730 0.01648 0.00846
0.00512 0.11838 0.03351 0.00560 0.37123 0.04481 0.42136
0.00000 0.00046 0.00000 0.00001 0.99946 0.00004 0.00003
0.11521 0.00148 0.02000 0.28888 0.00004 0.56356 0.01083
0.00028 0.00098 0.05785 0.00140 0.00110 0.70680 0.23159
0.00000 0.67751 0.01203 0.00006 0.00003 0.30992 0.00046
0.03692 0.01697 0.29093 0.00741 0.01068 0.05776 0.57934
0.99909 0.00000 0.00058 0.00030 0.00000 0.00000 0.00003
0.00086 0.00001 0.00018 0.99792 0.00000 0.00071 0.00033
0.00000 0.00013 0.00883 0.00000 0.98271 0.00488 0.00345
0.02286 0.00022 0.28496 0.00086 0.00048 0.00556 0.68505
0.00265 0.00077 0.04596 0.00219 0.00069 0.87113 0.07661
0.00757 0.00017 0.19175 0.00039 0.00017 0.76085 0.03910
0.00000 0.00000 0.00000 0.00000 0.99999 0.00000 0.00001
0.26081 0.00093 0.00796 0.34391 0.00002 0.22326 0.16310
0.00300 0.00053 0.00000 0.99549 0.00000 0.00046 0.00052
0.00091 0.02362 0.60152 0.00406 0.06929 0.06831 0.23228
0.09796 0.02463 0.04631 0.06033 0.00012 0.48079 0.28986
0.00000 0.00001 0.00000 0.00000 0.99994 0.00000 0.00004
0.00433 0.00037 0.05153 0.00237 0.00119 0.89113 0.04908
0.00631 0.00032 0.00010 0.00636 0.24908 0.00119 0.73663
0.00021 0.00012 0.00012 0.00002 0.80795 0.00018 0.19141
0.00000 1.00000 0.00000 0.00000 0.00000 0.00000 0.00000
0.04287 0.39726 0.46749 0.00177 0.00062 0.00335 0.08664
0.00003 0.94150 0.03357 0.00002 0.00045 0.00009 0.02435
0.02480 0.00004 0.00000 0.97435 0.00000 0.00009 0.00071
0.00001 0.19593 0.01265 0.00004 0.00000 0.00192 0.78946
0.12854 0.75400 0.00130 0.10685 0.00000 0.00241 0.00691
0.50934 0.12808 0.00032 0.00847 0.00000 0.33092 0.02287
0.00000 0.39352 0.05674 0.00004 0.46144 0.00665 0.08162
0.88849 0.04854 0.03255 0.00723 0.00000 0.00008 0.02312
0.00000 0.00294 0.00443 0.00006 0.41324 0.22707 0.35225
0.99893 0.00000 0.00000 0.00106 0.00000 0.00000 0.00001
0.42689 0.01505 0.01743 0.21395 0.00002 0.13570 0.19097
0.45950 0.37859 0.00164 0.11577 0.00000 0.02344 0.02107
0.00001 0.02598 0.00381 0.00003 0.96159 0.00036 0.00823
0.02316 0.15184 0.05629 0.01191 0.46711 0.03134 0.25835
0.00539 0.00046 0.14802 0.00125 0.00102 0.65866 0.18520
0.00376 0.00610 0.01707 0.00498 0.20266 0.05585 0.70958
0.00667 0.00021 0.00045 0.99020 0.00001 0.00133 0.00112
0.00000 0.99285 0.00005 0.00156 0.00002 0.00071 0.00481
0.00056 0.00512 0.66189 0.00028 0.00514 0.06805 0.25897
0.05398 0.00646 0.16062 0.05092 0.00112 0.67112 0.05579
0.00153 0.00298 0.01866 0.01158 0.00265 0.93561 0.02699
0.00013 0.00054 0.05408 0.00045 0.00122 0.92805 0.01553
0.00005 0.00060 0.28610 0.00002 0.00092 0.70834 0.00397
0.00002 0.00932 0.00000 0.99062 0.00000 0.00002 0.00002
0.04864 0.01575 0.78990 0.00450 0.00121 0.12568 0.01431
0.33147 0.00163 0.44143 0.08761 0.00008 0.03591 0.10186
0.61239 0.01271 0.08440 0.18381 0.00212 0.03586 0.06870
0.00014 0.00382 0.08951 0.00043 0.01868 0.82960 0.05781
0.00000 1.00000 0.00000 0.00000 0.00000 0.00000 0.00000
0.01542 0.29135 0.26808 0.01488 0.22456 0.08256 0.10315
0.86562 0.01732 0.00108 0.09107 0.00002 0.01470 0.01020
0.00033 0.00507 0.21171 0.00059 0.00839 0.65110 0.12281
0.79060 0.00466 0.00354 0.18628 0.00000 0.00577 0.00915
0.00000 0.00002 0.00426 0.00001 0.84176 0.00769 0.14626
0.47046 0.00840 0.00459 0.06320 0.00057 0.36703 0.08575
0.00011 0.98970 0.00009 0.00053 0.00394 0.00309 0.00255
0.00003 0.01035 0.00113 0.00003 0.02185 0.00686 0.95974
0.00027 0.06815 0.39761 0.00013 0.01279 0.25076 0.27030
0.71796 0.13477 0.12042 0.00474 0.00000 0.00023 0.02189
0.00000 0.00295 0.00363 0.00021 0.04562 0.94298 0.00461
0.00068 0.00209 0.88619 0.00075 0.00002 0.00074 0.10953
0.00124 0.00000 0.00000 0.99827 0.00000 0.00040 0.00008
0.00001 0.00000 0.00002 0.00001 0.98477 0.00000 0.01518
0.00003 0.00059 0.00223 0.00008 0.76695 0.00405 0.22607
0.00016 0.00050 0.78876 0.00037 0.00851 0.14716 0.05454
0.03826 0.01489 0.49369 0.00944 0.00395 0.07377 0.36600
0.00020 0.00001 0.00062 0.00024 0.00007 0.99748 0.00138
0.05028 0.35323 0.07527 0.10492 0.22137 0.06796 0.12696
0.09848 0.00213 0.15487 0.04584 0.00199 0.64463 0.05206
0.99772 0.00000 0.00000 0.00227 0.00000 0.00000 0.00000
0.00003 0.01345 0.95027 0.00005 0.00032 0.01927 0.01661
0.40541 0.00465 0.18312 0.19207 0.00021 0.17769 0.03686
0.98789 0.00002 0.00048 0.00163 0.00000 0.00015 0.00983
0.00000 0.00011 0.00000 0.00000 0.99693 0.00000 0.00295
0.02010 0.46502 0.00190 0.01920 0.06573 0.40398 0.02407
0.00229 0.00481 0.01501 0.00284 0.00001 0.92403 0.05101
0.00141 0.00009 0.98211 0.00000 0.00000 0.00004 0.01635
0.06264 0.20708 0.03018 0.14849 0.04071 0.06619 0.44472
0.00027 0.00002 0.00000 0.99965 0.00000 0.00002 0.00004
0.00408 0.00030 0.13345 0.00171 0.01505 0.01125 0.83417
0.13273 0.00164 0.35090 0.00958 0.00263 0.34889 0.15363
0.00000 0.00000 0.00000 0.00000 1.00000 0.00000 0.00000
0.00000 0.00000 0.00000 0.00000 0.99993 0.00000 0.00007
0.02634 0.28815 0.04326 0.06290 0.39138 0.03936 0.14861
0.01673 0.02549 0.02948 0.34347 0.00820 0.46487 0.11175
0.00000 0.99999 0.00000 0.00000 0.00000 0.00001 0.00000
0.18712 0.16413 0.00733 0.04981 0.00004 0.57033 0.02124
0.00147 0.00001 0.00320 0.43589 0.00092 0.25605 0.30246
0.62160 0.00163 0.08915 0.14808 0.00003 0.00767 0.13185
0.00009 0.00596 0.44871 0.00004 0.00358 0.00211 0.53952
0.08069 0.00584 0.00166 0.81244 0.00006 0.07800 0.02130
0.00004 0.00019 0.00003 0.00012 0.94961 0.00014 0.04986
0.00079 0.02929 0.01179 0.75196 0.00087 0.02305 0.18225
0.00409 0.18247 0.01307 0.01573 0.59970 0.02360 0.16134
0.99737 0.00200 0.00001 0.00062 0.00000 0.00000 0.00001
0.00007 0.00049 0.66081 0.00365 0.00421 0.14704 0.18373
0.84264 0.00014 0.00034 0.14517 0.00000 0.00188 0.00983
0.00001 0.00096 0.00000 0.00002 0.90531 0.00001 0.09369
0.05028 0.35323 0.07527 0.10492 0.22137 0.06796 0.12696
0.00024 0.67522 0.20498 0.00031 0.00114 0.00068 0.11743
0.00003 0.00108 0.62844 0.00017 0.00070 0.36159 0.00799
0.00045 0.07463 0.07110 0.00320 0.49044 0.09013 0.27004
0.00010 0.05880 0.00838 0.00050 0.04289 0.02173 0.86760
0.99944 0.00002 0.00005 0.00014 0.00000 0.00000 0.00034
0.00364 0.00484 0.02429 0.00466 0.05393 0.00147 0.90717
0.00000 1.00000 0.00000 0.00000 0.00000 0.00000 0.00000
0.01586 0.00114 0.00262 0.81205 0.00383 0.12355 0.04095
0.00040 0.01038 0.76146 0.00227 0.00033 0.08467 0.14049
0.19625 0.00049 0.00049 0.67537 0.00035 0.00851 0.11855
0.00023 0.00883 0.00096 0.01391 0.16148 0.75852 0.05607
0.34508 0.64973 0.00002 0.00509 0.00000 0.00000 0.00008
0.00808 0.00501 0.96096 0.00057 0.00101 0.00068 0.02369
0.00343 0.00004 0.83277 0.00052 0.00005 0.00174 0.16146
0.49715 0.00185 0.01075 0.44902 0.00001 0.00321 0.03801
0.00000 0.00000 0.00000 0.00000 0.99948 0.00000 0.00052
0.00000 0.00132 0.00171 0.00181 0.00047 0.99468 0.00002
0.48490 0.01678 0.01741 0.40396 0.00030 0.03661 0.04004
0.00038 0.00010 0.02319 0.00114 0.35806 0.01631 0.60082
0.00071 0.96844 0.00176 0.00203 0.01110 0.01397 0.00200
0.22211 0.00143 0.00381 0.76268 0.00001 0.00166 0.00831
0.00000 0.00001 0.00000 0.00000 0.99803 0.00005 0.00192
0.02279 0.00401 0.91634 0.00451 0.00000 0.00151 0.05085
0.12408 0.00237 0.00273 0.83415 0.00070 0.01511 0.02086
0.05028 0.35323 0.07527 0.10492 0.22137 0.06796 0.12696
0.02218 0.00149 0.00198 0.00404 0.00107 0.96673 0.00251
0.00850 0.00009 0.04873 0.00510 0.00026 0.92975 0.00756
0.00317 0.00017 0.99558 0.00001 0.00000 0.00000 0.00108
0.05028 0.35323 0.07527 0.10492 0.22137 0.06796 0.12696
0.88948 0.00300 0.00495 0.09388 0.00001 0.00402 0.00466
0.00000 0.00004 0.00000 0.00000 0.99993 0.00000 0.00003
0.81126 0.01829 0.03018 0.06366 0.00026 0.05507 0.02128
0.32245 0.00144 0.06860 0.27794 0.00015 0.21380 0.11562
0.00058 0.00009 0.01749 0.00068 0.00080 0.91047 0.06989
0.02332 0.00914 0.34449 0.01172 0.00883 0.44433 0.15816
0.00007 0.03031 0.00016 0.00018 0.87891 0.01709 0.07329
0.74666 0.00792 0.00276 0.05788 0.00043 0.16345 0.02090
0.00006 0.00308 0.03416 0.00030 0.02744 0.90266 0.03230
0.00026 0.00002 0.00002 0.99948 0.00000 0.00005 0.00017
0.00000 0.00133 0.00012 0.00000 0.99758 0.00005 0.00091
0.78232 0.00063 0.00008 0.21582 0.00000 0.00047 0.00067
0.00000 0.00000 0.00000 0.00000 1.00000 0.00000 0.00000
0.00000 0.00000 0.00000 0.00000 0.99758 0.00000 0.00241
0.98682 0.00189 0.00585 0.00172 0.00000 0.00081 0.00290
0.00000 0.00001 0.00095 0.00000 0.99754 0.00001 0.00149
0.02062 0.01041 0.01964 0.08468 0.00104 0.83040 0.03320
0.00003 0.00867 0.31530 0.00027 0.13003 0.41785 0.12786
0.00000 0.00004 0.00263 0.00001 0.00002 0.99691 0.00038
0.01050 0.05543 0.52608 0.01833 0.07198 0.05926 0.25843
0.03336 0.00756 0.01039 0.08400 0.00404 0.16460 0.69605
0.00086 0.01757 0.03999 0.00167 0.25765 0.57776 0.10449
0.30567 0.54494 0.03475 0.06024 0.00067 0.00961 0.04410
0.66353 0.00302 0.00281 0.25803 0.00012 0.06185 0.01063
0.00839 0.01857 0.57367 0.01206 0.00275 0.29072 0.09384
0.00401 0.00388 0.36733 0.00029 0.27618 0.00853 0.33977
0.09868 0.10722 0.06748 0.07830 0.00372 0.11542 0.52918
0.05748 0.00797 0.28112 0.02062 0.00253 0.30700 0.32328
0.00000 0.00019 0.00255 0.02209 0.00188 0.97309 0.00019
0.72197 0.00081 0.00201 0.25210 0.00003 0.01715 0.00593
0.58904 0.00003 0.00087 0.36082 0.00001 0.00490 0.04433
0.00000 0.00023 0.01815 0.00000 0.97328 0.00697 0.00137
0.00295 0.00090 0.00216 0.97846 0.00008 0.01294 0.00250
0.00091 0.10641 0.00707 0.85783 0.00004 0.00767 0.02006
0.00000 0.00022 0.00631 0.00078 0.08585 0.03434 0.87250
0.62623 0.00385 0.00972 0.19634 0.00038 0.13127 0.03222
0.03025 0.00177 0.01078 0.90425 0.00016 0.04462 0.00817
0.00053 0.00013 0.11907 0.00375 0.09932 0.51682 0.26037
0.10992 0.00660 0.86306 0.00015 0.00003 0.00770 0.01256
0.91879 0.00328 0.00211 0.05634 0.00000 0.01025 0.00923
0.00003 0.00000 0.00000 0.99997 0.00000 0.00000 0.00000
0.12649 0.01896 0.26083 0.02492 0.04083 0.47717 0.05080
0.00141 0.00002 0.00193 0.00036 0.62802 0.00775 0.36050
0.26945 0.02682 0.62038 0.03030 0.00001 0.02719 0.02585
0.00221 0.00000 0.00017 0.99340 0.00000 0.00012 0.00410
0.03370 0.95823 0.00002 0.00784 0.00000 0.00001 0.00022
0.92521 0.00179 0.00020 0.05716 0.00000 0.00033 0.01530
0.00681 0.00042 0.03191 0.00733 0.00921 0.89892 0.04539
0.71343 0.05372 0.10364 0.06493 0.00009 0.01062 0.05358
0.03495 0.04659 0.25877 0.14454 0.04366 0.20209 0.26940
0.00000 0.00001 0.75937 0.00000 0.00023 0.23904 0.00134
0.00125 0.00287 0.05052 0.00079 0.00353 0.92570 0.01534
0.71911 0.00010 0.00172 0.24799 0.00001 0.02514 0.00593
0.00315 0.51914 0.14135 0.16890 0.00540 0.01584 0.14622
0.00278 0.00926 0.13978 0.00138 0.00040 0.83398 0.01241
0.08653 0.00036 0.00000 0.91217 0.00000 0.00001 0.00093
0.00000 1.00000 0.00000 0.00000 0.00000 0.00000 0.00000
0.94211 0.00001 0.00013 0.05605 0.00000 0.00037 0.00132
0.58214 0.00026 0.01182 0.03239 0.00010 0.24631 0.12698
0.01860 0.02143 0.12547 0.03868 0.00033 0.77264 0.02286
0.00981 0.02046 0.47205 0.00403 0.03145 0.08734 0.37486
0.14773 0.00033 0.01134 0.78803 0.00004 0.00959 0.04295
0.32350 0.04673 0.00078 0.60697 0.00043 0.00389 0.01769
0.05028 0.35323 0.07527 0.10492 0.22137 0.06796 0.12696
0.00956 0.00079 0.00217 0.24831 0.00078 0.73046 0.00793
0.05028 0.35323 0.07527 0.10492 0.22137 0.06796 0.12696
0.01508 0.02811 0.85660 0.00253 0.00013 0.03788 0.05966
0.00003 0.00022 0.00123 0.00004 0.74569 0.00019 0.25261
0.16777 0.00004 0.00029 0.83074 0.00000 0.00012 0.00104
0.00056 0.02953 0.29428 0.00343 0.00018 0.33729 0.33472
0.00001 0.00108 0.00008 0.00004 0.96310 0.00015 0.03555
0.40331 0.00235 0.48666 0.01570 0.00001 0.02893 0.06305
0.98712 0.00044 0.00117 0.00117 0.00000 0.00046 0.00964
0.44785 0.00059 0.00263 0.49555 0.00001 0.00535 0.04802
0.35116 0.00153 0.01312 0.62238 0.00000 0.00083 0.01098
0.00024 0.00007 0.06314 0.00052 0.01355 0.90391 0.01858
0.00013 0.01826 0.05114 0.04793 0.00222 0.88028 0.00004
0.00014 0.00006 0.00042 0.00504 0.00022 0.03342 0.96070
0.00090 0.00500 0.04042 0.00169 0.75785 0.01474 0.17941
0.00000 0.00000 0.00000 0.00000 1.00000 0.00000 0.00000
0.00000 0.00000 0.00001 0.00000 0.99980 0.00013 0.00006
0.00038 0.00028 0.00971 0.01004 0.01211 0.94431 0.02316
0.10564 0.00810 0.10099 0.01994 0.00223 0.67491 0.08818
0.00029 0.00001 0.07953 0.51842 0.00008 0.35340 0.04827
0.05440 0.00291 0.55364 0.10686 0.00093 0.19447 0.08678
0.00000 0.00000 0.00000 0.00000 1.00000 0.00000 0.00000
0.00459 0.01652 0.00488 0.91476 0.00181 0.01732 0.04012
0.99473 0.00000 0.00021 0.00414 0.00000 0.00022 0.00071
0.00368 0.00020 0.03174 0.60173 0.00009 0.35398 0.00856
0.00082 0.00031 0.00002 0.71230 0.00005 0.00319 0.28332
0.26097 0.00753 0.12948 0.00135 0.00335 0.10641 0.49092
0.97997 0.00162 0.00492 0.00245 0.00000 0.00553 0.00552
0.00183 0.00031 0.00001 0.99759 0.00000 0.00021 0.00005
0.07851 0.00102 0.00039 0.91711 0.00000 0.00079 0.00217
0.00104 0.00099 0.04562 0.00473 0.00124 0.93579 0.01061
0.00000 0.00014 0.02047 0.00001 0.04241 0.93568 0.00130
0.00059 0.00126 0.69154 0.00156 0.00018 0.17840 0.12646
0.00050 0.00208 0.01855 0.00190 0.01533 0.93885 0.02279
0.81217 0.00025 0.02707 0.03564 0.00002 0.01276 0.11210
0.58001 0.00375 0.00233 0.28770 0.00013 0.01586 0.11023
0.00339 0.01873 0.96708 0.00319 0.00071 0.00319 0.00371
0.07517 0.30975 0.06766 0.11285 0.22498 0.06606 0.14352
0.00008 0.99955 0.00006 0.00008 0.00000 0.00011 0.00012
0.98613 0.00152 0.00000 0.01218 0.00000 0.00001 0.00015
0.00023 0.01079 0.85930 0.00087 0.00036 0.07235 0.05610
0.06441 0.00373 0.02018 0.30470 0.01012 0.06101 0.53585
0.22773 0.00174 0.00357 0.73315 0.00015 0.02401 0.00965
0.00523 0.00229 0.90549 0.00023 0.00005 0.06786 0.01883
0.98147 0.00001 0.00337 0.01399 0.00000 0.00086 0.00030
0.86464 0.00120 0.00330 0.00197 0.00010 0.00133 0.12746
0.98634 0.00002 0.00065 0.00916 0.00000 0.00182 0.00201
0.04932 0.00229 0.21009 0.00106 0.00049 0.52981 0.20694
0.00152 0.14137 0.44725 0.00182 0.00139 0.37544 0.03122
0.26181 0.00266 0.62134 0.01440 0.00049 0.01593 0.08336
0.00000 0.00028 0.01204 0.00007 0.00508 0.97737 0.00517
0.38922 0.00389 0.05513 0.31034 0.00138 0.04666 0.19338
0.00000 0.00003 0.00000 0.00000 0.99949 0.00000 0.00048
0.97665 0.00019 0.00013 0.01363 0.00000 0.00066 0.00874
0.04405 0.00565 0.04802 0.17405 0.28237 0.10363 0.34223
0.00215 0.00106 0.21435 0.00303 0.02287 0.63110 0.12545
0.56334 0.41474 0.00021 0.02062 0.00000 0.00048 0.00061
0.76870 0.00025 0.17343 0.00784 0.00002 0.04489 0.00488
0.07359 0.01504 0.05972 0.02675 0.00702 0.33951 0.47838
0.02251 0.00040 0.54090 0.02372 0.00086 0.31759 0.09402
0.12359 0.00080 0.18037 0.00130 0.00000 0.00182 0.69211
0.20799 0.00070 0.00175 0.77076 0.00002 0.01271 0.00607
0.20170 0.00104 0.05601 0.14661 0.00157 0.30371 0.28937
0.00190 0.00042 0.00292 0.01579 0.00009 0.97709 0.00179
0.00002 0.00023 0.04171 0.00023 0.00864 0.90119 0.04797
0.00002 0.00201 0.00034 0.00000 0.99581 0.00002 0.00180
0.00006 0.00014 0.94240 0.00001 0.00009 0.04420 0.01310
0.00062 0.00342 0.82798 0.00121 0.00168 0.01634 0.14875
0.00005 0.00000 0.00314 0.00009 0.97922 0.00068 0.01682
0.00115 0.00191 0.12448 0.00035 0.00934 0.83789 0.02487
0.50288 0.00494 0.00729 0.05072 0.00074 0.01330 0.42013
0.00000 0.00000 0.00000 0.00000 0.99999 0.00000 0.00000
0.45429 0.00497 0.00875 0.49143 0.00029 0.01563 0.02463
0.01687 0.00068 0.01715 0.41801 0.00208 0.42013 0.12509
0.05796 0.09043 0.05497 0.00150 0.00281 0.38600 0.40634
0.00000 0.00708 0.00102 0.00000 0.98435 0.00559 0.00195
0.00000 0.00118 0.00016 0.00042 0.97605 0.02054 0.00165
0.00008 0.00147 0.89182 0.00006 0.00029 0.03300 0.07328
0.12967 0.06896 0.08745 0.22769 0.01178 0.01647 0.45799
0.59834 0.01090 0.09147 0.00061 0.00000 0.00107 0.29761
0.00003 0.00002 0.11888 0.00003 0.00205 0.00174 0.87724
0.00022 0.00002 0.00712 0.00773 0.00000 0.97892 0.00599
0.00000 0.00041 0.00056 0.00001 0.97651 0.00978 0.01273
0.00000 0.00085 0.00009 0.00001 0.99545 0.00017 0.00343
0.96738 0.00193 0.00025 0.02753 0.00000 0.00186 0.00104
0.00039 0.01274 0.50475 0.00105 0.06664 0.30744 0.10700
0.00000 0.00221 0.00009 0.00194 0.00023 0.99168 0.00386
0.00105 0.45020 0.00030 0.35517 0.00010 0.18565 0.00753
0.00712 0.00455 0.01171 0.00182 0.82737 0.05469 0.09274
0.19153 0.00931 0.00849 0.71130 0.00001 0.07519 0.00416
0.22966 0.00615 0.21984 0.41560 0.00011 0.12413 0.00450
0.00049 0.20008 0.71132 0.00006 0.00000 0.08291 0.00515
0.00317 0.00008 0.00101 0.03896 0.05250 0.63001 0.27428
0.00116 0.00370 0.02609 0.00151 0.93466 0.01734 0.01555
0.00000 0.00323 0.00000 0.00000 0.97102 0.00003 0.02571
0.07958 0.02129 0.00553 0.53814 0.00782 0.02924 0.31840
0.05568 0.00340 0.01451 0.00257 0.00336 0.13496 0.78552
0.87294 0.00001 0.00001 0.12683 0.00000 0.00002 0.00018
0.92641 0.00007 0.00001 0.00068 0.00001 0.00221 0.07062
0.02842 0.00004 0.18755 0.06393 0.00040 0.06145 0.65821
0.00005 0.06546 0.04967 0.01382 0.22366 0.56528 0.08206
0.00425 0.00111 0.85287 0.00101 0.00318 0.12146 0.01612
0.00000 0.00001 0.00000 0.00000 0.99845 0.00002 0.00151
0.00000 0.00000 0.00000 0.00000 0.98701 0.00000 0.01299
0.00000 0.00021 0.00001 0.00000 0.99961 0.00008 0.00009
0.00000 0.00000 0.00000 0.00000 0.99989 0.00000 0.00011
0.20090 0.00716 0.00360 0.21907 0.00004 0.07006 0.49916
0.04398 0.26407 0.56530 0.01665 0.00440 0.02456 0.08104
0.57274 0.01246 0.05966 0.01144 0.00077 0.16494 0.17798
0.00000 0.00003 0.00000 0.00000 0.99997 0.00000 0.00000
0.00001 0.01543 0.10015 0.00004 0.37940 0.42712 0.07784
0.00745 0.01896 0.59161 0.01743 0.00827 0.05477 0.30152
0.04041 0.00083 0.09485 0.24589 0.00127 0.59531 0.02144
0.01362 0.00953 0.06463 0.54836 0.00010 0.00752 0.35624
0.00536 0.11832 0.02764 0.01092 0.10538 0.63032 0.10206
0.90557 0.01746 0.00016 0.07529 0.00000 0.00064 0.00089
0.00000 1.00000 0.00000 0.00000 0.00000 0.00000 0.00000
0.00072 0.00308 0.28906 0.00014 0.00147 0.69840 0.00712
0.29853 0.00043 0.63423 0.00839 0.00006 0.00555 0.05280
0.24086 0.00055 0.00049 0.02691 0.00006 0.06206 0.66907
0.00022 0.00025 0.97133 0.00010 0.00006 0.00303 0.02502
0.93115 0.00377 0.00035 0.04344 0.00002 0.00191 0.01935
0.00010 0.00030 0.25824 0.00008 0.01220 0.03933 0.68974
0.00000 0.00000 0.00000 0.00000 1.00000 0.00000 0.00000
0.00002 0.00003 0.00101 0.00057 0.03001 0.87355 0.09481
0.25092 0.02063 0.01012 0.02283 0.16115 0.14161 0.39275
0.01221 0.00108 0.05058 0.00018 0.00006 0.89325 0.04264
0.07617 0.00799 0.26976 0.10650 0.05538 0.34718 0.13701
0.00004 0.17330 0.00693 0.04544 0.01953 0.73459 0.02017
0.00059 0.00347 0.00036 0.00100 0.13392 0.00118 0.85948
0.03829 0.01988 0.00684 0.33596 0.00000 0.02603 0.57301
0.00002 0.00040 0.61919 0.00081 0.00684 0.35312 0.01962
0.00889 0.00039 0.00059 0.98678 0.00001 0.00038 0.00296
0.00177 0.05221 0.27920 0.00013 0.00000 0.00000 0.66668
0.00080 0.15126 0.59585 0.00008 0.13795 0.00538 0.10868
0.05497 0.00072 0.01922 0.78365 0.00028 0.01223 0.12892
0.06838 0.74536 0.00061 0.09796 0.00009 0.00123 0.08637
0.00020 0.00095 0.70283 0.00012 0.00314 0.07855 0.21421
0.00019 0.00116 0.57428 0.00014 0.00537 0.40157 0.01730
0.08168 0.04369 0.14731 0.23138 0.00724 0.41423 0.07446
0.01584 0.02235 0.72650 0.06968 0.00243 0.10823 0.05497
0.00000 0.00009 0.99829 0.00000 0.00014 0.00128 0.00019
0.01210 0.00711 0.06089 0.23066 0.00067 0.62229 0.06628
0.00003 0.07856 0.18720 0.00069 0.01346 0.68887 0.03118
0.00004 0.00101 0.04099 0.00079 0.02850 0.36447 0.56420
0.00617 0.00414 0.93361 0.00079 0.00127 0.03199 0.02203
0.72823 0.00170 0.00304 0.09348 0.00010 0.01488 0.15857
0.00027 0.00065 0.37681 0.00507 0.01374 0.46087 0.14259
0.00418 0.00167 0.48050 0.00500 0.00040 0.00540 0.50286
0.00928 0.00020 0.29050 0.00004 0.00016 0.00057 0.69925
0.00258 0.00015 0.02483 0.00051 0.00761 0.06656 0.89776
0.00668 0.40223 0.11144 0.00617 0.00331 0.26156 0.20860
0.00002 0.00002 0.01879 0.00123 0.71766 0.04385 0.21843
0.20140 0.25403 0.01968 0.46191 0.00002 0.05407 0.00889
0.00203 0.00594 0.23582 0.00143 0.04282 0.47087 0.24108
0.51735 0.00288 0.03686 0.23107 0.00068 0.02308 0.18808
0.01015 0.00115 0.94058 0.00117 0.00009 0.00666 0.04019
0.00149 0.00019 0.21226 0.00010 0.00005 0.04147 0.74444
0.20816 0.02197 0.38875 0.14227 0.00011 0.05124 0.18750
0.89154 0.00023 0.00143 0.10618 0.00000 0.00019 0.00043
0.44211 0.00162 0.04250 0.22546 0.00003 0.25743 0.03085
0.00006 0.00000 0.47473 0.00307 0.05828 0.42500 0.03886
0.01044 0.00000 0.00005 0.98601 0.00000 0.00014 0.00336
0.00090 0.13380 0.00689 0.04325 0.15403 0.43359 0.22753
0.05023 0.01816 0.00617 0.19561 0.00185 0.67446 0.05352
0.00006 0.00324 0.20313 0.02805 0.00001 0.00140 0.76412
0.69201 0.00001 0.00024 0.30494 0.00000 0.00162 0.00117
0.00000 0.00000 0.00031 0.00000 0.00000 0.99968 0.00000
0.99327 0.00001 0.00002 0.00649 0.00000 0.00004 0.00016
0.00000 0.00725 0.00000 0.00000 0.99160 0.00003 0.00112
0.00035 0.00488 0.32414 0.00274 0.00232 0.65731 0.00825
0.00530 0.01906 0.29902 0.00029 0.00021 0.64741 0.02872
0.07402 0.71882 0.02719 0.08361 0.00016 0.03119 0.06500
0.00537 0.67798 0.04483 0.00329 0.00314 0.02432 0.24106
0.00001 0.00345 0.01346 0.00143 0.63534 0.02148 0.32484
