# Country Folk Indie Jazz Metal Pop Rock
0.16000 0.07000 0.16000 0.18000 0.01000 0.31000 0.11000
0.22000 0.20000 0.17000 0.10000 0.11000 0.13000 0.07000
0.11000 0.37000 0.04000 0.10000 0.27000 0.04000 0.07000
0.07000 0.13666 0.10276 0.05225 0.24711 0.08678 0.30443
0.10000 0.19227 0.20023 0.13023 0.12091 0.12068 0.13568
0.07000 0.07000 0.10000 0.01000 0.62000 0.03000 0.10000
0.66000 0.05000 0.08000 0.01000 0.05000 0.04000 0.11000
0.33000 0.09000 0.12000 0.16000 0.02000 0.11000 0.17000
0.13000 0.06000 0.21000 0.10000 0.04000 0.24000 0.22000
0.02558 0.40291 0.08117 0.12632 0.23996 0.03268 0.09137
0.15000 0.10000 0.14000 0.12000 0.09000 0.21000 0.19000
0.15000 0.18000 0.16000 0.09000 0.11000 0.15000 0.16000
0.14000 0.09000 0.20000 0.25000 0.04000 0.15000 0.13000
0.17000 0.12000 0.11000 0.34000 0.04000 0.10000 0.12000
0.12000 0.13000 0.20000 0.17000 0.11000 0.12000 0.15000
0.19000 0.11000 0.10000 0.14000 0.06000 0.28000 0.12000
0.01000 0.08156 0.06022 0.10022 0.29178 0.24133 0.21489
0.10000 0.13000 0.16000 0.16000 0.20000 0.10000 0.15000
0.21000 0.08000 0.16000 0.16500 0.16000 0.10000 0.12500
0.18000 0.04000 0.13000 0.20000 0.07000 0.28000 0.10000
0.28000 0.08000 0.15000 0.17000 0.05000 0.12000 0.15000
0.10000 0.20179 0.25034 0.26041 0.06794 0.06106 0.05845
0.13000 0.11000 0.17000 0.10000 0.19000 0.13000 0.17000
0.17000 0.16000 0.11000 0.20000 0.08000 0.12000 0.16000
0.03000 0.04000 0.19000 0.10000 0.36000 0.13000 0.15000
0.12000 0.10000 0.22000 0.08000 0.21000 0.13000 0.14000
0.15000 0.04000 0.21000 0.10000 0.21000 0.17000 0.12000
0.08000 0.19000 0.11000 0.09000 0.35000 0.05000 0.13000
0.15000 0.09000 0.10000 0.12000 0.04000 0.34000 0.16000
0.36000 0.01000 0.11000 0.16000 0.06000 0.14000 0.16000
0.00000 0.30000 0.10000 0.04000 0.11000 0.26000 0.19000
0.16000 0.02000 0.15000 0.29000 0.06000 0.17000 0.15000
0.09000 0.13323 0.13000 0.06065 0.38097 0.06161 0.14355
0.13000 0.10000 0.09000 0.16000 0.15000 0.15000 0.22000
0.23000 0.05000 0.11000 0.41000 0.06000 0.05000 0.09000
0.11000 0.02000 0.09000 0.16000 0.05000 0.39000 0.18000
0.28000 0.05000 0.05000 0.29000 0.04000 0.14000 0.15000
0.14000 0.20000 0.17000 0.25000 0.02000 0.08000 0.14000
0.02558 0.40291 0.08117 0.12632 0.23996 0.03268 0.09137
0.37667 0.04000 0.07000 0.15333 0.04000 0.12000 0.20000
0.18000 0.16000 0.16000 0.15000 0.07000 0.08000 0.20000
0.08000 0.09000 0.16000 0.19000 0.05000 0.27000 0.16000
0.01000 0.24949 0.19042 0.10220 0.08338 0.09340 0.27111
0.07000 0.11354 0.21000 0.14021 0.19146 0.09000 0.18479
0.17000 0.13000 0.16000 0.10000 0.06000 0.28000 0.10000
0.15000 0.14000 0.11000 0.39000 0.03000 0.08000 0.10000
0.14000 0.07000 0.21000 0.07500 0.04000 0.26500 0.20000
0.10000 0.03500 0.09000 0.12500 0.02000 0.48000 0.15000
0.16000 0.35000 0.11000 0.09000 0.16000 0.05000 0.08000
0.13000 0.29000 0.21000 0.05000 0.14000 0.04000 0.14000
0.30000 0.09000 0.10000 0.06000 0.04000 0.24000 0.17000
0.10000 0.15000 0.19000 0.17000 0.10000 0.14000 0.15000
0.14000 0.11000 0.10000 0.11000 0.37000 0.06000 0.11000
0.14000 0.07000 0.17000 0.19000 0.05000 0.18000 0.20000
0.09000 0.13000 0.28000 0.10000 0.08000 0.09000 0.23000
0.10000 0.21000 0.13000 0.08000 0.25000 0.15000 0.08000
0.06000 0.04000 0.12000 0.08000 0.07000 0.47000 0.16000
0.16000 0.06000 0.14000 0.07750 0.09000 0.18250 0.29000
0.21000 0.06000 0.14000 0.17000 0.04000 0.30000 0.08000
0.17000 0.13409 0.07045 0.18000 0.19136 0.11000 0.14409
0.15000 0.08000 0.21000 0.13000 0.08000 0.19000 0.16000
0.26000 0.08000 0.15000 0.07000 0.16000 0.06000 0.22000
0.20000 0.17233 0.20000 0.18000 0.05070 0.08070 0.11628
0.29000 0.08000 0.21000 0.11000 0.07000 0.15000 0.09000
0.16000 0.12000 0.16000 0.10000 0.08000 0.17000 0.21000
0.14000 0.08000 0.14000 0.15000 0.14000 0.16000 0.19000
0.30000 0.12000 0.10000 0.22000 0.03000 0.09000 0.14000
0.20000 0.11143 0.13000 0.20857 0.02000 0.21000 0.12000
0.09000 0.07000 0.25000 0.12000 0.08000 0.18000 0.21000
0.15667 0.21000 0.13000 0.26333 0.13000 0.05000 0.06000
0.26000 0.06000 0.25000 0.17000 0.03000 0.11000 0.12000
0.04000 0.13250 0.17000 0.03056 0.26167 0.16000 0.20528
0.07000 0.14000 0.26000 0.10000 0.06000 0.19000 0.18000
0.69000 0.06000 0.10000 0.05000 0.01000 0.03000 0.06000
0.33000 0.06000 0.07000 0.14500 0.01000 0.18000 0.20500
0.23000 0.07000 0.18000 0.14000 0.05000 0.07000 0.26000
0.21000 0.06000 0.07000 0.32000 0.02000 0.25000 0.07000
0.08000 0.13000 0.12000 0.03000 0.42000 0.11000 0.11000
0.12000 0.07000 0.16000 0.14000 0.06000 0.23000 0.22000
0.31000 0.08000 0.17000 0.07000 0.08000 0.14000 0.15000
0.16000 0.04000 0.65000 0.04000 0.04000 0.04000 0.03000
0.03000 0.04244 0.07000 0.06000 0.73133 0.03133 0.03489
0.15000 0.13000 0.18000 0.18000 0.06000 0.10000 0.20000
0.20000 0.05000 0.26000 0.17000 0.05000 0.16000 0.11000
0.11500 0.09000 0.16000 0.13500 0.16000 0.16000 0.18000
0.41000 0.11000 0.07000 0.19000 0.05000 0.08000 0.09000
0.14000 0.08000 0.18000 0.24000 0.05000 0.10000 0.21000
0.21000 0.08000 0.11000 0.39000 0.02000 0.11000 0.08000
0.13000 0.08000 0.12000 0.18000 0.09000 0.20000 0.20000
0.15500 0.07000 0.19000 0.15500 0.12000 0.18000 0.13000
0.15000 0.03000 0.08000 0.16000 0.06000 0.31000 0.21000
0.16000 0.31000 0.11000 0.10000 0.12000 0.12000 0.08000
0.19000 0.12000 0.17000 0.13000 0.08000 0.16000 0.15000
0.10000 0.02000 0.71000 0.04000 0.02000 0.05000 0.06000
0.33000 0.08000 0.14000 0.18000 0.02000 0.12000 0.13000
0.10000 0.16000 0.17000 0.10000 0.25000 0.14000 0.08000
0.34500 0.03000 0.10000 0.23500 0.03000 0.13000 0.13000
0.20000 0.06000 0.18000 0.14000 0.06000 0.14000 0.22000
0.25000 0.12000 0.13000 0.18000 0.08000 0.15000 0.09000
0.11000 0.16000 0.14000 0.19000 0.11000 0.11000 0.18000
0.37000 0.05000 0.13000 0.13000 0.03000 0.13000 0.16000
0.21000 0.14000 0.15000 0.12000 0.09000 0.07000 0.22000
0.04000 0.10000 0.06000 0.03000 0.68000 0.04000 0.05000
0.17000 0.09000 0.31000 0.13000 0.05000 0.09000 0.16000
0.08000 0.05000 0.15000 0.10000 0.41000 0.11000 0.10000
0.02000 0.25000 0.04000 0.08000 0.19000 0.23000 0.19000
0.16000 0.03000 0.20000 0.12000 0.04000 0.21000 0.24000
0.15000 0.08000 0.17000 0.06000 0.14000 0.21000 0.19000
0.14000 0.03000 0.17000 0.12000 0.23000 0.10000 0.21000
0.08000 0.10000 0.15000 0.03000 0.43000 0.05000 0.16000
0.28000 0.17000 0.18000 0.12000 0.04000 0.04000 0.17000
0.18000 0.14457 0.15051 0.15025 0.07381 0.11178 0.18908
0.00000 1.00000 0.00000 0.00000 0.00000 0.00000 0.00000
0.19000 0.06000 0.15000 0.08000 0.17000 0.25000 0.10000
0.12000 0.20646 0.09073 0.15000 0.18386 0.09189 0.15706
0.23000 0.05000 0.12000 0.10000 0.07000 0.24000 0.19000
0.14000 0.19000 0.16000 0.20250 0.12000 0.09000 0.09750
0.13000 0.06000 0.14000 0.21000 0.23000 0.09000 0.14000
0.13000 0.12000 0.14000 0.13000 0.03000 0.28000 0.17000
0.35000 0.08000 0.08000 0.10000 0.07000 0.15000 0.17000
0.13000 0.10000 0.12000 0.20000 0.14000 0.12000 0.19000
0.22000 0.04167 0.10000 0.21833 0.01000 0.26000 0.15000
0.08000 0.17596 0.13024 0.14054 0.11620 0.21186 0.14520
0.09000 0.02000 0.09000 0.61000 0.03000 0.11000 0.05000
0.08000 0.09000 0.14000 0.10000 0.17000 0.22000 0.20000
0.10000 0.12000 0.17000 0.23000 0.03000 0.27000 0.08000
0.12000 0.09000 0.19000 0.12000 0.02000 0.28000 0.18000
0.20000 0.10000 0.06000 0.19000 0.09000 0.18000 0.18000
0.26000 0.12000 0.12000 0.23000 0.06000 0.10000 0.11000
0.17000 0.12000 0.20000 0.12000 0.09000 0.10000 0.20000
0.10000 0.12000 0.25000 0.10000 0.19000 0.10000 0.14000
0.15000 0.04000 0.12000 0.05000 0.37000 0.13000 0.14000
0.04750 0.00000 0.74000 0.11250 0.01000 0.04000 0.05000
0.19000 0.09000 0.15000 0.10000 0.10000 0.23000 0.14000
0.17000 0.07000 0.25000 0.07000 0.04000 0.18000 0.22000
0.17000 0.05000 0.06000 0.35000 0.19000 0.10000 0.08000
0.19000 0.09000 0.13000 0.17000 0.12000 0.15000 0.15000
0.25000 0.12333 0.21000 0.15167 0.06000 0.10500 0.10000
0.18000 0.08000 0.10000 0.23000 0.04000 0.18000 0.19000
0.00000 0.26000 0.08000 0.08000 0.10000 0.35000 0.13000
0.07000 0.09000 0.29000 0.07000 0.20000 0.11000 0.17000
0.03000 0.06000 0.07000 0.72000 0.04000 0.04000 0.04000
0.06000 0.20759 0.15074 0.10098 0.23422 0.10246 0.14402
0.23000 0.11000 0.10000 0.09000 0.14000 0.10000 0.23000
0.01000 0.06211 0.05000 0.13105 0.18105 0.25079 0.31500
0.16000 0.08000 0.15000 0.15000 0.11000 0.19000 0.16000
0.17000 0.10000 0.14000 0.21000 0.15000 0.11000 0.12000
0.10000 0.13000 0.09000 0.08000 0.08000 0.38000 0.14000
0.24000 0.10000 0.19000 0.12000 0.05000 0.12000 0.18000
0.16000 0.06000 0.06000 0.55000 0.02000 0.04000 0.11000
0.25000 0.05000 0.11000 0.16000 0.03000 0.22000 0.18000
0.12000 0.10000 0.19000 0.10000 0.33000 0.08000 0.08000
0.13000 0.11000 0.13000 0.08000 0.36000 0.11000 0.08000
0.02000 0.12093 0.04157 0.06229 0.40823 0.07424 0.27274
0.13500 0.16000 0.07000 0.22500 0.17000 0.17000 0.07000
0.00000 0.23000 0.06000 0.08000 0.07000 0.44000 0.12000
0.05000 0.08944 0.15526 0.17679 0.19688 0.01683 0.31480
0.18000 0.09000 0.18000 0.19000 0.00000 0.14000 0.22000
0.19333 0.18000 0.21000 0.10333 0.12000 0.07333 0.12000
0.02558 0.40291 0.08117 0.12632 0.23996 0.03268 0.09137
0.05000 0.22000 0.05000 0.18000 0.07000 0.28000 0.15000
0.04000 0.17000 0.15000 0.08000 0.32000 0.09000 0.15000
0.11000 0.05000 0.19000 0.29000 0.04000 0.16000 0.16000
0.19750 0.02000 0.19000 0.06250 0.16000 0.10000 0.27000
0.26000 0.10000 0.12000 0.18000 0.05000 0.13000 0.16000
0.09000 0.13000 0.06000 0.17000 0.21000 0.16000 0.18000
0.13000 0.10000 0.15000 0.12000 0.20000 0.18000 0.12000
0.15750 0.05000 0.14000 0.32250 0.07000 0.16000 0.10000
0.11000 0.12000 0.18000 0.10000 0.32000 0.10000 0.07000
0.08000 0.05000 0.27000 0.12000 0.13000 0.11000 0.24000
0.08000 0.11000 0.25000 0.08000 0.12000 0.12000 0.24000
0.10000 0.10000 0.17000 0.04000 0.32000 0.10000 0.17000
0.17000 0.07000 0.18000 0.08000 0.14000 0.08000 0.28000
0.16000 0.07000 0.17000 0.10000 0.05000 0.28000 0.17000
0.25000 0.07000 0.11000 0.15000 0.08000 0.19000 0.15000
0.09000 0.08000 0.20000 0.12000 0.28000 0.09000 0.14000
0.12000 0.03000 0.20000 0.24000 0.18000 0.12000 0.11000
0.06000 0.09237 0.07023 0.05596 0.55435 0.06218 0.10491
0.09000 0.19000 0.15000 0.07000 0.37000 0.08000 0.05000
0.17000 0.15000 0.23000 0.15000 0.12000 0.08000 0.10000
0.15000 0.09000 0.12000 0.12000 0.14000 0.14000 0.24000
0.08000 0.08000 0.16000 0.14000 0.23000 0.10000 0.21000
0.20000 0.05000 0.24000 0.09000 0.05000 0.22000 0.15000
0.25000 0.09000 0.20000 0.14000 0.03000 0.18000 0.11000
0.16000 0.07000 0.21000 0.16000 0.05000 0.17000 0.18000
0.35000 0.09000 0.08000 0.22000 0.00000 0.12000 0.14000
0.12000 0.08000 0.15000 0.17000 0.11000 0.12000 0.25000
0.21000 0.14000 0.11000 0.10000 0.11000 0.10000 0.23000
0.05500 0.18447 0.12450 0.05619 0.07511 0.11015 0.39457
0.23000 0.18000 0.13000 0.18000 0.05000 0.04000 0.19000
0.05500 0.20405 0.10951 0.07851 0.17719 0.09418 0.28155
0.14000 0.07000 0.12000 0.10000 0.06000 0.32000 0.19000
0.32000 0.09000 0.11000 0.08000 0.04000 0.16000 0.20000
0.08000 0.05000 0.02000 0.75000 0.04000 0.02000 0.04000
0.18000 0.17000 0.10000 0.21000 0.04000 0.20000 0.10000
0.06000 0.11413 0.15048 0.16000 0.32464 0.10195 0.08880
0.21000 0.47143 0.00603 0.00990 0.09567 0.05578 0.15120
0.17000 0.11000 0.17000 0.19000 0.03000 0.21000 0.12000
0.32000 0.06000 0.08000 0.19000 0.14000 0.10000 0.11000
0.03000 0.17179 0.26226 0.04260 0.13294 0.12561 0.23480
0.11000 0.11000 0.14000 0.22000 0.21000 0.11000 0.10000
0.20000 0.11000 0.18000 0.15000 0.04000 0.18000 0.14000
0.13000 0.06000 0.24000 0.19000 0.12000 0.09000 0.17000
0.19000 0.08000 0.11000 0.16000 0.05000 0.20000 0.21000
0.08000 0.06000 0.25000 0.09000 0.20000 0.18000 0.14000
0.20000 0.11000 0.12000 0.22000 0.09000 0.15000 0.11000
0.05000 0.10000 0.11000 0.09000 0.16000 0.31000 0.18000
0.02558 0.40291 0.08117 0.12632 0.23996 0.03268 0.09137
0.09000 0.07000 0.18000 0.13000 0.23000 0.10000 0.20000
0.23500 0.18000 0.11000 0.15500 0.06000 0.10000 0.16000
0.18000 0.14000 0.22000 0.20000 0.08000 0.08000 0.10000
0.17000 0.12000 0.15000 0.13000 0.11000 0.17000 0.15000
0.14000 0.11000 0.12000 0.20000 0.14000 0.17000 0.12000
0.10000 0.10000 0.18000 0.22000 0.04000 0.20000 0.16000
0.69000 0.04000 0.03000 0.09000 0.05000 0.03000 0.07000
0.11000 0.11000 0.25000 0.07333 0.21000 0.10667 0.14000
0.05000 0.76000 0.03000 0.04000 0.08000 0.02000 0.02000
0.23667 0.04000 0.10000 0.16333 0.06000 0.23000 0.17000
0.23000 0.03000 0.09000 0.13000 0.03000 0.24000 0.25000
0.19667 0.09000 0.10000 0.25333 0.05000 0.21000 0.10000
0.22000 0.03000 0.18000 0.13000 0.09000 0.16000 0.19000
0.37000 0.04000 0.11000 0.15000 0.01000 0.16000 0.16000
0.60000 0.05000 0.05000 0.13000 0.03000 0.07000 0.07000
0.16000 0.09000 0.12000 0.09000 0.15000 0.21000 0.18000
0.18000 0.13000 0.17000 0.16000 0.10000 0.11000 0.15000
0.16000 0.08000 0.13000 0.06000 0.16000 0.08000 0.33000
0.12000 0.05000 0.16000 0.18000 0.08000 0.16000 0.25000
0.15000 0.04000 0.07000 0.12000 0.07000 0.33000 0.22000
0.18000 0.17000 0.15000 0.20000 0.08000 0.10000 0.12000
0.07000 0.16268 0.09098 0.22049 0.09122 0.22049 0.14415
0.01000 0.06000 0.05000 0.02000 0.78000 0.03000 0.05000
0.09000 0.03000 0.10000 0.06000 0.48000 0.08000 0.16000
0.13000 0.05000 0.17000 0.17000 0.02000 0.31000 0.15000
0.29000 0.08000 0.13000 0.12000 0.02000 0.14000 0.22000
0.05000 0.18000 0.08000 0.06000 0.45000 0.04000 0.14000
0.14000 0.05000 0.16000 0.24000 0.08000 0.13000 0.20000
0.14000 0.13000 0.18000 0.09000 0.14000 0.15000 0.17000
0.12000 0.02000 0.17000 0.15000 0.03000 0.38000 0.13000
0.08000 0.10000 0.33000 0.10000 0.09000 0.17000 0.13000
0.20000 0.09000 0.17000 0.24250 0.05000 0.16000 0.08750
0.06000 0.07000 0.05000 0.69000 0.04000 0.05000 0.04000
0.02000 0.47008 0.00995 0.07583 0.06979 0.09266 0.26169
0.12000 0.06000 0.03000 0.09000 0.54000 0.05000 0.11000
0.01000 0.24836 0.12190 0.02561 0.15252 0.14331 0.29830
0.28000 0.09000 0.11000 0.23000 0.03000 0.13000 0.13000
0.25000 0.08000 0.13000 0.10000 0.14000 0.11000 0.19000
0.03000 0.02000 0.88000 0.01000 0.00000 0.04000 0.02000
0.36000 0.03000 0.13000 0.10000 0.04000 0.15000 0.19000
0.19000 0.09000 0.12000 0.16000 0.15000 0.11000 0.18000
0.06000 0.69000 0.07000 0.10000 0.01000 0.05000 0.02000
0.02000 0.04000 0.08000 0.05000 0.68000 0.04000 0.09000
0.09667 0.23053 0.04120 0.13647 0.15996 0.14500 0.19018
0.09000 0.30342 0.11069 0.21561 0.05379 0.02655 0.19994
0.24000 0.04000 0.23000 0.14000 0.03000 0.21000 0.11000
0.17000 0.11000 0.23000 0.03000 0.06000 0.19000 0.21000
0.09000 0.11178 0.12000 0.18044 0.08200 0.22111 0.19467
0.18333 0.19000 0.20000 0.18667 0.03000 0.15000 0.06000
0.23000 0.11000 0.13000 0.23000 0.04000 0.09000 0.17000
0.14000 0.11000 0.21000 0.12000 0.15000 0.11000 0.16000
0.23000 0.12000 0.17000 0.09000 0.08000 0.16000 0.15000
0.19000 0.10000 0.13000 0.27000 0.09000 0.11000 0.11000
0.11000 0.15000 0.19000 0.22000 0.07000 0.07000 0.19000
0.00000 0.13000 0.05000 0.06000 0.14000 0.52000 0.10000
0.08000 0.07167 0.11042 0.04063 0.56167 0.08167 0.05396
0.10000 0.08000 0.16000 0.31000 0.05000 0.15000 0.15000
0.07000 0.02000 0.07000 0.04000 0.04000 0.70000 0.06000
0.10000 0.06000 0.03000 0.02750 0.62000 0.05000 0.11250
0.09000 0.05000 0.07000 0.09000 0.04000 0.57000 0.09000
0.02558 0.40291 0.08117 0.12632 0.23996 0.03268 0.09137
0.01000 0.47273 0.00045 0.04023 0.12136 0.13091 0.22432
0.05000 0.24000 0.10000 0.14500 0.12000 0.25500 0.09000
0.15000 0.07000 0.13000 0.25000 0.03000 0.14000 0.23000
0.20000 0.08000 0.09000 0.19000 0.03000 0.16000 0.25000
0.19000 0.22000 0.23000 0.07500 0.14000 0.06500 0.08000
0.08000 0.38000 0.12000 0.06000 0.07000 0.12000 0.17000
0.07800 0.10000 0.15000 0.23450 0.08000 0.17000 0.18750
0.19000 0.08000 0.13000 0.14000 0.07000 0.24000 0.15000
0.07000 0.14000 0.10000 0.12000 0.42000 0.05000 0.10000
0.21000 0.05000 0.18000 0.17000 0.03000 0.22000 0.14000
0.02000 0.07880 0.06165 0.07289 0.64158 0.01457 0.11052
0.17000 0.10000 0.15000 0.25000 0.11000 0.08000 0.14000
0.09000 0.13000 0.16000 0.06000 0.43000 0.06000 0.07000
0.02000 0.11431 0.18167 0.21072 0.04215 0.26119 0.16996
0.11000 0.06667 0.18000 0.02333 0.20000 0.12000 0.30000
0.14000 0.30000 0.08000 0.19000 0.11000 0.08000 0.10000
0.25000 0.10000 0.09000 0.17500 0.07000 0.15000 0.16500
0.00000 0.64792 0.02023 0.06136 0.04352 0.09155 0.13542
0.26000 0.01000 0.12000 0.27000 0.05000 0.12000 0.17000
0.06000 0.25000 0.06000 0.02000 0.42000 0.13000 0.06000
0.18000 0.12000 0.19000 0.11000 0.10000 0.14000 0.16000
0.02558 0.40291 0.08117 0.12632 0.23996 0.03268 0.09137
0.26000 0.04000 0.12000 0.16000 0.10000 0.20000 0.12000
0.01000 0.03275 0.00000 0.08050 0.31125 0.12025 0.44525
0.12000 0.06558 0.16085 0.19113 0.08499 0.16247 0.21497
0.18000 0.06000 0.14000 0.20000 0.17000 0.07000 0.18000
0.28000 0.18200 0.13000 0.20800 0.02000 0.08000 0.10000
0.29000 0.04000 0.15000 0.13000 0.06000 0.20000 0.13000
0.15000 0.11000 0.20000 0.15000 0.04000 0.23000 0.12000
0.11000 0.10000 0.12000 0.22000 0.14000 0.18000 0.13000
0.02558 0.40291 0.08117 0.12632 0.23996 0.03268 0.09137
0.04000 0.31005 0.04777 0.10902 0.14734 0.09663 0.24918
0.19000 0.11000 0.18000 0.20000 0.06000 0.10000 0.16000
0.39000 0.06000 0.10000 0.22000 0.07000 0.07000 0.09000
0.18000 0.20000 0.12000 0.15000 0.11000 0.12000 0.12000
0.13000 0.04000 0.27000 0.17000 0.11000 0.09000 0.19000
0.14000 0.17000 0.15000 0.22000 0.01000 0.14000 0.17000
0.04000 0.24000 0.09000 0.14000 0.12000 0.13000 0.24000
0.18000 0.15000 0.16000 0.13000 0.11000 0.13000 0.14000
0.04000 0.06250 0.16000 0.16075 0.06100 0.22075 0.29500
0.22000 0.05000 0.09000 0.21000 0.15000 0.16000 0.12000
0.27000 0.06000 0.18000 0.18000 0.03000 0.12000 0.16000
0.07000 0.05000 0.11000 0.05000 0.33000 0.15000 0.24000
0.32000 0.13000 0.07000 0.18000 0.08000 0.12000 0.10000
0.23000 0.07000 0.13000 0.12000 0.06000 0.23000 0.16000
0.12000 0.14000 0.15000 0.11000 0.14000 0.09000 0.25000
0.41000 0.11000 0.07000 0.19000 0.05000 0.08000 0.09000
0.11000 0.18224 0.17000 0.10000 0.10204 0.11102 0.22469
0.15000 0.04000 0.14000 0.07000 0.09000 0.17000 0.34000
0.10000 0.17557 0.13026 0.19034 0.23292 0.09215 0.07876
0.06000 0.19890 0.11291 0.26232 0.01578 0.13167 0.21842
0.31000 0.16000 0.12000 0.10000 0.06000 0.10000 0.15000
0.18000 0.05000 0.13000 0.09000 0.13000 0.23000 0.19000
0.00000 0.06000 0.01000 0.03000 0.26000 0.28000 0.36000
0.56000 0.11848 0.00000 0.19868 0.00000 0.12284 0.00000
0.15000 0.10000 0.07000 0.17000 0.19000 0.17000 0.15000
0.19000 0.21000 0.17000 0.09000 0.05000 0.08000 0.21000
0.00000 0.12641 0.02057 0.04038 0.02258 0.58058 0.20948
0.18000 0.11000 0.25000 0.15000 0.02000 0.20000 0.09000
0.08000 0.10286 0.14114 0.05029 0.53114 0.04086 0.05371
0.31000 0.04000 0.14000 0.09000 0.08000 0.20000 0.14000
0.23000 0.11000 0.18000 0.17000 0.05000 0.13000 0.13000
0.19000 0.11000 0.15000 0.13000 0.21000 0.09000 0.12000
0.28000 0.10000 0.10000 0.10000 0.09000 0.14000 0.19000
0.21000 0.05000 0.24000 0.11000 0.08000 0.13000 0.18000
0.22000 0.04000 0.15000 0.24000 0.07000 0.19000 0.09000
0.23000 0.13000 0.09000 0.23000 0.03000 0.09000 0.20000
0.16000 0.11000 0.17000 0.12000 0.15000 0.11000 0.18000
0.14000 0.09143 0.16000 0.17857 0.15000 0.13000 0.15000
0.02558 0.40291 0.08117 0.12632 0.23996 0.03268 0.09137
0.06000 0.15000 0.22000 0.06000 0.16000 0.24000 0.11000
0.02000 0.51000 0.09000 0.04500 0.09000 0.11500 0.13000
0.00000 1.00000 0.00000 0.00000 0.00000 0.00000 0.00000
0.38000 0.08000 0.13000 0.11000 0.05000 0.17000 0.08000
0.15000 0.08000 0.18000 0.15000 0.19000 0.12000 0.13000
0.00000 0.20075 0.04616 0.06324 0.24073 0.07807 0.37105
0.07000 0.07000 0.22000 0.05000 0.43000 0.10000 0.06000
0.07000 0.07000 0.12000 0.21333 0.05000 0.30000 0.17667
0.16000 0.13000 0.18000 0.11000 0.01000 0.32000 0.09000
0.14000 0.05000 0.15000 0.21000 0.01000 0.34000 0.10000
0.12000 0.06000 0.17000 0.16000 0.11000 0.16000 0.22000
0.25000 0.08000 0.07000 0.15750 0.10000 0.16000 0.18250
0.05000 0.01000 0.01000 0.89000 0.02000 0.01000 0.01000
0.10000 0.11000 0.13000 0.05000 0.28000 0.12000 0.21000
0.17000 0.05000 0.16000 0.13000 0.08000 0.22000 0.19000
0.26000 0.04000 0.11000 0.11000 0.07000 0.32000 0.09000
0.16000 0.04000 0.21000 0.12000 0.03000 0.31000 0.13000
0.04000 0.04000 0.06000 0.10000 0.55000 0.10000 0.11000
0.16000 0.09000 0.11000 0.13000 0.06000 0.26000 0.19000
0.05000 0.09000 0.05000 0.65000 0.06000 0.06000 0.04000
0.20000 0.03000 0.21000 0.11000 0.14000 0.12000 0.19000
0.11000 0.14000 0.16000 0.19000 0.06000 0.20000 0.14000
0.08000 0.13211 0.06000 0.06105 0.55105 0.01079 0.10500
0.10000 0.06000 0.12000 0.17000 0.03000 0.33000 0.19000
0.13000 0.09250 0.10000 0.18075 0.27100 0.14075 0.08500
0.13000 0.06000 0.12000 0.03000 0.36000 0.15000 0.15000
0.00000 1.00000 0.00000 0.00000 0.00000 0.00000 0.00000
0.07000 0.14000 0.13000 0.12000 0.27000 0.10000 0.17000
0.07000 0.33210 0.11099 0.05058 0.21897 0.08399 0.13338
0.50000 0.08000 0.14000 0.13000 0.00000 0.07000 0.08000
0.00000 0.13575 0.29465 0.02594 0.34066 0.08791 0.11508
0.14000 0.30000 0.08000 0.19000 0.11000 0.08000 0.10000
0.21000 0.22000 0.16000 0.14000 0.01000 0.16000 0.10000
0.08000 0.03000 0.21000 0.03000 0.34000 0.10000 0.21000
0.22000 0.17000 0.20000 0.12000 0.07000 0.08000 0.14000
0.07000 0.05000 0.25000 0.20000 0.11000 0.17000 0.15000
0.20000 0.14000 0.14000 0.16000 0.14000 0.09000 0.13000
0.14000 0.10000 0.30000 0.14000 0.03000 0.12000 0.17000
0.28000 0.11000 0.12000 0.14000 0.03000 0.13000 0.19000
0.00000 0.11680 0.16022 0.09043 0.46428 0.03289 0.13538
0.09000 0.14000 0.08000 0.20000 0.19000 0.14000 0.16000
0.20000 0.10000 0.23000 0.06000 0.06000 0.14000 0.21000
0.07000 0.09000 0.10000 0.09000 0.40000 0.11000 0.14000
0.20000 0.04000 0.14000 0.26000 0.05000 0.10000 0.21000
0.02000 0.22382 0.02417 0.11497 0.10840 0.05134 0.45731
0.09000 0.09000 0.20000 0.09000 0.14000 0.18000 0.21000
0.31000 0.06000 0.10000 0.21000 0.05000 0.08000 0.19000
0.22000 0.04000 0.19000 0.07000 0.01000 0.21000 0.26000
0.26000 0.12000 0.25000 0.04000 0.08000 0.10000 0.15000
0.09000 0.13000 0.22000 0.10000 0.07000 0.19000 0.20000
0.05000 0.12286 0.12114 0.14029 0.12114 0.11086 0.33371
0.17000 0.09000 0.18000 0.13000 0.10000 0.18000 0.15000
0.20000 0.09000 0.24000 0.13000 0.02000 0.14000 0.18000
0.12000 0.12000 0.23000 0.20667 0.09000 0.10000 0.13333
0.09000 0.13000 0.18000 0.05000 0.15000 0.26000 0.14000
0.00000 0.98000 0.01000 0.01000 0.00000 0.00000 0.00000
0.10000 0.08000 0.17000 0.20000 0.18000 0.10000 0.17000
0.13000 0.10000 0.21000 0.16000 0.03000 0.20000 0.17000
0.08000 0.15000 0.11000 0.13000 0.35000 0.10000 0.08000
0.12000 0.14000 0.14000 0.27000 0.13000 0.10000 0.10000
0.07000 0.12000 0.23000 0.06000 0.17000 0.06000 0.29000
0.12000 0.05000 0.12000 0.21000 0.02000 0.28000 0.20000
0.07000 0.25000 0.14000 0.07000 0.34000 0.06000 0.07000
0.11000 0.15385 0.13026 0.09000 0.23154 0.14077 0.14359
0.25000 0.11000 0.15000 0.11500 0.11000 0.15500 0.11000
0.09000 0.38495 0.10044 0.07127 0.20558 0.05246 0.09530
0.10000 0.11323 0.22000 0.09065 0.10097 0.13161 0.24355
0.09000 0.09000 0.17000 0.23000 0.04000 0.19000 0.19000
0.06000 0.04000 0.09000 0.74000 0.04000 0.01000 0.02000
0.04000 0.10000 0.11000 0.15000 0.45000 0.08000 0.07000
0.09000 0.09000 0.17000 0.07000 0.40000 0.08000 0.10000
0.14000 0.08000 0.19000 0.13250 0.09000 0.19000 0.17750
0.23000 0.15000 0.21000 0.21000 0.06000 0.11000 0.03000
0.14000 0.08000 0.17000 0.18000 0.07000 0.23000 0.13000
0.02558 0.40291 0.08117 0.12632 0.23996 0.03268 0.09137
0.15000 0.07000 0.12000 0.27000 0.01000 0.14000 0.24000
0.24000 0.09000 0.15000 0.12000 0.12000 0.17000 0.11000
0.27000 0.07000 0.15000 0.12000 0.06000 0.15000 0.18000
0.12000 0.07000 0.16000 0.13000 0.05000 0.32000 0.15000
0.21000 0.09000 0.30000 0.05000 0.08000 0.13000 0.14000
0.13000 0.16000 0.14000 0.11000 0.26000 0.07000 0.13000
0.25600 0.12000 0.15000 0.21400 0.02000 0.14000 0.10000
0.12000 0.12000 0.15000 0.12000 0.15000 0.18000 0.16000
0.22000 0.12000 0.13000 0.14000 0.03000 0.19000 0.17000
0.05000 0.11000 0.09000 0.12000 0.29000 0.18000 0.16000
0.02000 0.26269 0.01000 0.70731 0.00000 0.00000 0.00000
0.08000 0.14000 0.12000 0.12000 0.42000 0.07000 0.05000
0.26000 0.07000 0.22000 0.09000 0.07000 0.17000 0.12000
0.05000 0.08323 0.12000 0.05065 0.51097 0.08161 0.10355
0.04000 0.05000 0.07000 0.05000 0.72000 0.03000 0.04000
0.00000 0.24863 0.02419 0.02927 0.14231 0.07702 0.47859
0.19000 0.07000 0.10000 0.25000 0.02000 0.21000 0.16000
0.04000 0.72000 0.01000 0.08000 0.04000 0.09000 0.02000
0.37000 0.09000 0.12000 0.07000 0.04000 0.11000 0.20000
0.00000 0.22919 0.04496 0.35561 0.06007 0.07306 0.23711
0.15000 0.07000 0.17000 0.20000 0.04000 0.18000 0.19000
0.22000 0.05000 0.10000 0.22000 0.13000 0.08000 0.20000
0.24000 0.04000 0.09000 0.31000 0.02000 0.14000 0.16000
0.14000 0.23801 0.11096 0.10026 0.24386 0.09150 0.07542
0.02000 0.26536 0.10553 0.17504 0.05743 0.21364 0.16300
0.05100 0.07505 0.00751 0.01888 0.46422 0.04970 0.33364
0.10000 0.32000 0.09000 0.19000 0.24000 0.05000 0.01000
0.12000 0.12000 0.11000 0.28000 0.03000 0.24000 0.10000
0.10000 0.10000 0.24000 0.14000 0.07000 0.15000 0.20000
0.08000 0.09000 0.17000 0.07000 0.35000 0.13000 0.11000
0.02558 0.40291 0.08117 0.12632 0.23996 0.03268 0.09137
0.05000 0.27000 0.08000 0.06000 0.41000 0.05000 0.08000
0.09600 0.15000 0.13000 0.17650 0.19000 0.11000 0.14750
0.03000 0.19072 0.17265 0.12222 0.10163 0.10817 0.27462
0.10000 0.13000 0.10000 0.12667 0.19000 0.20000 0.15333
0.41500 0.06000 0.08000 0.08500 0.03000 0.20000 0.13000
0.12000 0.07000 0.14000 0.18000 0.26000 0.13000 0.10000
0.00000 0.84651 0.01042 0.02021 0.02335 0.05293 0.04659
0.19500 0.06000 0.24000 0.23500 0.05000 0.05000 0.17000
0.23000 0.09000 0.19000 0.17000 0.03000 0.15000 0.14000
0.15000 0.13000 0.18000 0.23000 0.09000 0.13000 0.09000
0.09000 0.19063 0.08166 0.29322 0.10458 0.14785 0.09206
0.06000 0.54000 0.09000 0.03000 0.15000 0.10000 0.03000
0.18000 0.12000 0.12000 0.16000 0.05000 0.22000 0.15000
0.12000 0.13000 0.24000 0.11000 0.09000 0.14000 0.17000
0.23000 0.09000 0.10000 0.09000 0.06000 0.25000 0.18000
0.01000 0.08226 0.03097 0.05032 0.70032 0.03097 0.09516
0.01000 0.29604 0.10034 0.02000 0.08148 0.41143 0.08070
0.09000 0.10000 0.14000 0.21500 0.08000 0.13000 0.24500
0.02000 0.06000 0.20000 0.15000 0.18000 0.22000 0.17000
0.02000 0.52444 0.05090 0.10678 0.14545 0.05736 0.09507
0.15000 0.23000 0.08000 0.27000 0.09000 0.12000 0.06000
0.05000 0.21220 0.07415 0.03787 0.30719 0.13706 0.18153
0.20000 0.11000 0.16000 0.23000 0.02000 0.16000 0.12000
0.06000 0.07000 0.07000 0.68000 0.04000 0.04000 0.04000
0.02558 0.40291 0.08117 0.12632 0.23996 0.03268 0.09137
0.16000 0.08000 0.11000 0.20000 0.04000 0.26000 0.15000
0.18000 0.05000 0.12000 0.22000 0.04000 0.25000 0.14000
0.08000 0.13000 0.28000 0.15000 0.18000 0.08000 0.10000
0.02558 0.40291 0.08117 0.12632 0.23996 0.03268 0.09137
0.11000 0.06600 0.22000 0.21400 0.10000 0.14000 0.15000
0.10000 0.19282 0.10051 0.04000 0.44231 0.07103 0.05333
0.18000 0.01000 0.15000 0.16000 0.06000 0.24000 0.20000
0.05000 0.30000 0.10000 0.09600 0.25000 0.05000 0.15400
0.16000 0.08000 0.05000 0.11000 0.02000 0.46000 0.12000
0.31500 0.08000 0.16000 0.17500 0.05000 0.12000 0.10000
0.18000 0.12000 0.12000 0.11000 0.24000 0.10000 0.13000
0.10000 0.05000 0.15000 0.20000 0.05000 0.28000 0.17000
0.12000 0.09000 0.17000 0.14000 0.07000 0.23000 0.18000
0.01000 0.02000 0.03000 0.83000 0.03000 0.05000 0.03000
0.10000 0.10206 0.12000 0.07363 0.41147 0.03755 0.15529
0.46848 0.02000 0.00000 0.46152 0.03000 0.01000 0.01000
0.08000 0.07000 0.06000 0.03000 0.69000 0.02000 0.05000
0.13000 0.13000 0.11000 0.10000 0.35000 0.07000 0.11000
0.15000 0.09000 0.14000 0.26000 0.05000 0.12000 0.19000
0.09000 0.03000 0.06000 0.05000 0.58000 0.06000 0.13000
0.08000 0.07200 0.18000 0.44800 0.10000 0.03000 0.09000
0.18000 0.10000 0.22000 0.05000 0.13000 0.16000 0.16000
0.07000 0.05000 0.04000 0.03000 0.01000 0.69000 0.11000
0.11000 0.10194 0.17111 0.15083 0.19139 0.06111 0.21361
0.22000 0.12000 0.23000 0.22000 0.06000 0.05000 0.10000
0.14000 0.15000 0.18000 0.16250 0.09000 0.18000 0.09750
0.19000 0.22167 0.14000 0.11833 0.16000 0.10000 0.07000
0.19000 0.08000 0.14000 0.11000 0.08000 0.23000 0.17000
0.22000 0.07000 0.21000 0.16000 0.06000 0.12000 0.16000
0.18000 0.11000 0.13000 0.14000 0.14000 0.11000 0.19000
0.09000 0.07000 0.09000 0.25000 0.01000 0.38000 0.11000
0.14000 0.05000 0.23000 0.05000 0.10000 0.18000 0.25000
0.13000 0.07000 0.09000 0.17000 0.10000 0.22000 0.22000
0.26000 0.05000 0.11000 0.16000 0.01000 0.25000 0.16000
0.35000 0.04000 0.05000 0.26000 0.03000 0.10000 0.17000
0.09000 0.11000 0.26000 0.11000 0.17000 0.12000 0.14000
0.15000 0.05000 0.19000 0.36000 0.03000 0.08000 0.14000
0.10000 0.14000 0.13000 0.21000 0.10000 0.18000 0.14000
0.11000 0.07000 0.15000 0.18000 0.14000 0.21000 0.14000
0.18000 0.02000 0.09000 0.54000 0.05000 0.04000 0.08000
0.19000 0.08000 0.09000 0.40000 0.05000 0.12000 0.07000
0.04000 0.03238 0.06048 0.05000 0.38214 0.20095 0.23405
0.20000 0.14000 0.15000 0.17000 0.12000 0.07000 0.15000
0.30000 0.11000 0.13000 0.13000 0.08000 0.14000 0.11000
0.01000 0.01000 0.00000 0.95000 0.00000 0.02000 0.01000
0.20000 0.12000 0.15000 0.24000 0.13000 0.08000 0.08000
0.01000 0.17139 0.01056 0.07028 0.25306 0.24083 0.24389
0.26000 0.12000 0.23000 0.13000 0.05000 0.08000 0.13000
0.29000 0.05000 0.10400 0.26600 0.03000 0.15000 0.11000
0.21000 0.21275 0.10000 0.13050 0.14125 0.10025 0.10525
0.34333 0.05000 0.08000 0.21167 0.01000 0.14000 0.16500
0.20000 0.02000 0.25000 0.18000 0.04000 0.19000 0.12000
0.34000 0.07000 0.20000 0.14000 0.05000 0.10000 0.10000
0.09000 0.19000 0.23000 0.11000 0.06000 0.05000 0.27000
0.17000 0.14000 0.19000 0.17000 0.11000 0.07000 0.15000
0.11000 0.06000 0.15000 0.17000 0.09000 0.30000 0.12000
0.13000 0.05000 0.18000 0.39000 0.04000 0.08000 0.13000
0.23000 0.08000 0.18000 0.19000 0.09000 0.06000 0.17000
0.13000 0.11000 0.22000 0.17000 0.08000 0.20000 0.09000
0.15000 0.07000 0.05000 0.46000 0.06000 0.10000 0.11000
0.01000 0.89000 0.02000 0.03000 0.03000 0.02000 0.00000
0.29500 0.10000 0.11000 0.06500 0.03000 0.12000 0.28000
0.16000 0.06000 0.18000 0.14000 0.02000 0.28000 0.16000
0.26000 0.08000 0.10000 0.22000 0.01000 0.18000 0.15000
0.11000 0.07000 0.16000 0.08000 0.28000 0.07000 0.23000
0.16000 0.06000 0.14000 0.35750 0.02000 0.14000 0.12250
0.14000 0.22000 0.08000 0.13000 0.17000 0.17000 0.09000
0.02558 0.40291 0.08117 0.12632 0.23996 0.03268 0.09137
0.14000 0.05000 0.08000 0.16000 0.03000 0.41000 0.13000
0.02558 0.40291 0.08117 0.12632 0.23996 0.03268 0.09137
0.14000 0.12000 0.20000 0.11000 0.18000 0.10000 0.15000
0.12000 0.08000 0.16000 0.09000 0.20000 0.09000 0.26000
0.38000 0.03000 0.07000 0.33000 0.02000 0.09000 0.08000
0.15000 0.07000 0.21000 0.22000 0.08000 0.09000 0.18000
0.10000 0.08000 0.12000 0.04000 0.45000 0.05000 0.16000
0.32000 0.06000 0.10000 0.18000 0.06000 0.11000 0.17000
0.14000 0.13000 0.17000 0.17000 0.18000 0.11000 0.10000
0.20000 0.13000 0.15000 0.16500 0.16000 0.04000 0.15500
0.16000 0.17226 0.07032 0.13032 0.17194 0.10097 0.19419
0.13000 0.08000 0.16000 0.11000 0.05000 0.33000 0.14000
0.00000 0.44000 0.08000 0.23000 0.06000 0.12000 0.07000
0.11000 0.12000 0.09000 0.21000 0.02000 0.29000 0.16000
0.09000 0.04317 0.11024 0.05024 0.34146 0.15049 0.21439
0.05000 0.09000 0.09000 0.05000 0.50000 0.06000 0.16000
0.00000 0.16175 0.05000 0.06000 0.27250 0.39100 0.06475
0.10000 0.05000 0.21000 0.04000 0.20000 0.16000 0.24000
0.20000 0.09000 0.21000 0.18000 0.05000 0.17000 0.10000
0.07000 0.12000 0.19500 0.15500 0.05000 0.24000 0.17000
0.17000 0.05000 0.14000 0.25000 0.06000 0.12000 0.21000
0.03000 0.07000 0.04000 0.03000 0.80000 0.01000 0.02000
0.37000 0.05000 0.16000 0.14000 0.06000 0.08000 0.14000
0.20000 0.10000 0.05000 0.13000 0.05000 0.28000 0.19000
0.05000 0.08292 0.24021 0.15021 0.05063 0.24188 0.18417
0.18000 0.10000 0.18000 0.18000 0.05000 0.15000 0.16000
0.14000 0.05000 0.18000 0.04000 0.08000 0.28000 0.23000
0.79000 0.03000 0.06000 0.06000 0.02000 0.02000 0.02000
0.01000 0.00000 0.00000 0.94000 0.02000 0.01000 0.02000
0.14000 0.08000 0.14000 0.25000 0.03000 0.19000 0.17000
0.25000 0.11000 0.19000 0.11000 0.04000 0.16000 0.14000
0.00000 0.09814 0.06768 0.03097 0.39519 0.22705 0.18097
0.12000 0.14000 0.18000 0.17000 0.06000 0.16000 0.17000
0.11000 0.07000 0.23000 0.14000 0.09000 0.17000 0.19000
0.18000 0.08000 0.16000 0.22000 0.02000 0.11000 0.23000
0.23000 0.13000 0.13000 0.17000 0.10000 0.11000 0.13000
0.02000 0.22000 0.09000 0.34000 0.10000 0.20000 0.03000
0.00000 0.24863 0.02419 0.02927 0.14231 0.07702 0.47859
0.17000 0.18000 0.14000 0.13000 0.09000 0.11000 0.18000
0.04000 0.47772 0.05000 0.12029 0.09360 0.13206 0.08634
0.19000 0.04000 0.22000 0.10000 0.12000 0.18000 0.15000
0.27000 0.05000 0.11000 0.11000 0.13000 0.15000 0.18000
0.11000 0.10000 0.07000 0.65750 0.04000 0.02250 0.00000
0.12000 0.05500 0.25000 0.11250 0.05000 0.18250 0.23000
0.43000 0.08000 0.07000 0.11000 0.02000 0.22000 0.07000
0.10000 0.21000 0.14000 0.08000 0.19000 0.19000 0.09000
0.19000 0.13000 0.09000 0.10000 0.05000 0.27000 0.17000
0.22000 0.08000 0.09000 0.20000 0.06000 0.25000 0.10000
0.12000 0.18405 0.23072 0.08061 0.07414 0.15184 0.15864
0.25000 0.09000 0.15000 0.09000 0.09000 0.16000 0.17000
0.15000 0.07000 0.17000 0.20000 0.09000 0.16000 0.16000
0.08000 0.05000 0.07000 0.63000 0.00000 0.03000 0.14000
0.09000 0.13000 0.06000 0.08000 0.53000 0.05000 0.06000
0.20000 0.07000 0.21000 0.18000 0.09000 0.06000 0.19000
0.19000 0.06000 0.14000 0.14000 0.11000 0.10000 0.26000
0.02000 0.15410 0.14198 0.05073 0.26783 0.07459 0.29078
0.14000 0.41000 0.08000 0.09000 0.05000 0.16000 0.07000
0.16000 0.05000 0.08000 0.15000 0.03000 0.38000 0.15000
0.09000 0.03000 0.26000 0.04000 0.12000 0.22000 0.24000
0.18000 0.03000 0.18000 0.13000 0.04000 0.27000 0.17000
0.20000 0.09000 0.12000 0.16000 0.20000 0.13000 0.10000
0.24000 0.09000 0.08000 0.23267 0.18000 0.05400 0.12333
0.24000 0.03000 0.07000 0.19000 0.06000 0.21000 0.20000
0.16000 0.04000 0.09000 0.11000 0.05000 0.37000 0.18000
0.13000 0.08000 0.25000 0.06000 0.12000 0.16000 0.20000
0.17000 0.14000 0.08000 0.13000 0.30000 0.08000 0.10000
0.14000 0.07000 0.20000 0.12000 0.11000 0.11000 0.25000
0.20000 0.10000 0.19000 0.18000 0.05000 0.15000 0.13000
0.14000 0.06000 0.12000 0.24000 0.05000 0.27000 0.12000
0.22000 0.05000 0.14000 0.07000 0.07000 0.32000 0.13000
0.13000 0.48000 0.09000 0.09000 0.04000 0.08000 0.09000
0.08000 0.06000 0.05000 0.11000 0.58000 0.01000 0.11000
0.26000 0.05000 0.13000 0.22000 0.03000 0.11000 0.20000
0.12000 0.04500 0.13000 0.15500 0.07000 0.30000 0.18000
0.05000 0.01207 0.16000 0.20034 0.11207 0.36103 0.10448
0.08000 0.12000 0.11000 0.22000 0.26000 0.11000 0.10000
0.00000 0.19282 0.09051 0.08000 0.13231 0.36103 0.14333
0.11000 0.14000 0.23000 0.07000 0.13000 0.18000 0.14000
0.07000 0.07634 0.10057 0.58022 0.02156 0.04136 0.10996
0.31000 0.17000 0.14000 0.10000 0.05000 0.13000 0.10000
0.15000 0.12000 0.20000 0.07000 0.19000 0.10000 0.17000
0.18000 0.09000 0.15000 0.18000 0.04000 0.15000 0.21000
0.13000 0.21000 0.14000 0.09000 0.28000 0.05000 0.10000
0.10000 0.08000 0.11000 0.03000 0.43000 0.08000 0.17000
0.26000 0.20000 0.11000 0.12000 0.13000 0.05000 0.13000
0.06000 0.06000 0.15000 0.14000 0.26000 0.17000 0.16000
0.09000 0.22000 0.06000 0.16000 0.03000 0.29000 0.15000
0.14000 0.10000 0.17000 0.15500 0.04000 0.16500 0.23000
0.11000 0.07000 0.10000 0.02000 0.50000 0.06000 0.14000
0.14000 0.17761 0.13028 0.31056 0.07368 0.08250 0.08537
0.24000 0.11000 0.10000 0.15000 0.20000 0.12000 0.08000
0.08000 0.08000 0.09000 0.17000 0.06000 0.26000 0.26000
0.13000 0.11000 0.14000 0.12000 0.06000 0.26000 0.18000
0.03000 0.11542 0.07023 0.09023 0.53319 0.03211 0.12882
0.02000 0.07000 0.17000 0.04000 0.52000 0.04000 0.14000
0.18000 0.11000 0.10000 0.11000 0.13000 0.18000 0.19000
0.33000 0.06000 0.11000 0.11000 0.05000 0.15000 0.19000
0.35000 0.05000 0.09000 0.28000 0.02000 0.09000 0.12000
0.27000 0.03000 0.12000 0.11000 0.03000 0.27000 0.17000
0.26000 0.04000 0.14000 0.10000 0.08000 0.20000 0.18000
0.00000 0.24000 0.08000 0.06000 0.18000 0.30000 0.14000
0.19000 0.08000 0.10000 0.13000 0.06000 0.16000 0.28000
0.15000 0.05000 0.12000 0.07000 0.38000 0.13000 0.10000
0.03000 0.16087 0.23188 0.13222 0.16030 0.14682 0.13791
0.10000 0.07000 0.08000 0.05000 0.46000 0.07000 0.17000
0.02000 0.03323 0.03000 0.02565 0.85097 0.01161 0.02855
0.18000 0.14000 0.12000 0.28000 0.04000 0.11000 0.13000
0.14000 0.09000 0.15000 0.17000 0.09000 0.17000 0.19000
0.18000 0.10000 0.19000 0.18000 0.07000 0.16000 0.12000
0.05000 0.11261 0.10022 0.05065 0.57130 0.02087 0.09435
0.11000 0.05000 0.24000 0.10000 0.17000 0.14000 0.19000
0.20000 0.10500 0.09000 0.33500 0.04000 0.11000 0.12000
0.08000 0.11000 0.18000 0.15000 0.19000 0.16000 0.13000
0.06000 0.21414 0.09475 0.08824 0.05581 0.25148 0.23558
0.11000 0.15156 0.20022 0.10022 0.16178 0.11133 0.16489
0.14000 0.48000 0.11000 0.10000 0.02000 0.07000 0.08000
0.00000 0.84651 0.01042 0.02021 0.02335 0.05293 0.04659
0.19000 0.10500 0.15000 0.08500 0.08000 0.22000 0.17000
0.07000 0.07000 0.32000 0.16000 0.03000 0.14000 0.21000
0.36000 0.10000 0.18000 0.11000 0.03000 0.05000 0.17000
0.15000 0.05000 0.12000 0.16000 0.17000 0.11000 0.24000
0.16000 0.11000 0.10000 0.16000 0.02000 0.20000 0.25000
0.09000 0.11000 0.18000 0.07000 0.15000 0.15000 0.25000
0.03000 0.03286 0.08114 0.03029 0.75114 0.01086 0.06371
0.00000 0.08263 0.00000 0.04053 0.25184 0.21105 0.41395
0.00000 0.14418 0.02498 0.00737 0.52224 0.06765 0.23358
0.22000 0.09000 0.11000 0.11000 0.03000 0.26000 0.18000
0.13000 0.03000 0.07000 0.17000 0.01000 0.40000 0.19000
0.00000 0.20000 0.10000 0.07000 0.08000 0.43000 0.12000
0.02000 0.04000 0.00000 0.66000 0.19000 0.04000 0.05000
0.11000 0.10000 0.09000 0.23000 0.24000 0.09000 0.14000
0.16000 0.11000 0.12000 0.16000 0.15000 0.08000 0.22000
0.01000 0.04774 0.23452 0.04573 0.23173 0.09903 0.33125
0.12000 0.15000 0.19000 0.10000 0.18000 0.14000 0.12000
0.07000 0.10000 0.29000 0.11000 0.27000 0.02000 0.14000
0.09000 0.06000 0.15000 0.50500 0.04000 0.04500 0.11000
0.06500 0.26257 0.15000 0.31500 0.02086 0.07057 0.11600
0.13000 0.06000 0.26000 0.11000 0.11000 0.15000 0.18000
0.09000 0.03000 0.17000 0.07000 0.12000 0.30000 0.22000
0.18000 0.10000 0.06000 0.39000 0.06000 0.13000 0.08000
0.33000 0.02000 0.12000 0.09000 0.08000 0.29000 0.07000
0.06000 0.01000 0.71000 0.02000 0.05000 0.06000 0.09000
0.19000 0.11000 0.19000 0.20000 0.11000 0.11000 0.09000
0.00000 0.27000 0.16000 0.07000 0.07000 0.35000 0.08000
0.16000 0.06000 0.19000 0.11000 0.20000 0.12000 0.16000
0.07000 0.16000 0.10000 0.07750 0.39000 0.10000 0.10250
0.24000 0.07000 0.12000 0.22000 0.14000 0.09000 0.12000
0.11000 0.05000 0.17000 0.12000 0.32000 0.06000 0.17000
0.19000 0.07000 0.21000 0.10000 0.06000 0.21000 0.16000
0.22000 0.06000 0.23000 0.10000 0.08000 0.13000 0.18000
0.10000 0.15000 0.12000 0.08000 0.34000 0.10000 0.11000
0.20750 0.12000 0.17000 0.18250 0.10000 0.08000 0.14000
0.19000 0.06000 0.16000 0.09000 0.15000 0.17000 0.18000
0.23000 0.13000 0.16000 0.09000 0.14000 0.11000 0.14000
0.12000 0.10000 0.16000 0.08000 0.18000 0.12000 0.24000
0.20000 0.07000 0.22000 0.15000 0.04000 0.17000 0.15000
0.01000 0.02000 0.81000 0.03000 0.03000 0.06000 0.04000
0.19000 0.12000 0.14000 0.25000 0.06000 0.09000 0.15000
0.19000 0.09000 0.27000 0.10000 0.07000 0.10000 0.18000
0.20000 0.14000 0.17000 0.13000 0.03000 0.17000 0.16000
0.09000 0.21361 0.13044 0.20099 0.16718 0.10595 0.09184
0.12000 0.10000 0.15000 0.12000 0.16000 0.18000 0.17000
0.09000 0.10000 0.08000 0.53000 0.00000 0.10000 0.10000
0.00000 0.25409 0.09045 0.07000 0.08136 0.40000 0.10409
0.16000 0.08000 0.15000 0.15000 0.11000 0.26000 0.09000
0.14000 0.13000 0.10000 0.18000 0.12000 0.09000 0.24000
0.12000 0.18286 0.18000 0.19714 0.13000 0.10000 0.09000
0.05000 0.06000 0.04000 0.04000 0.01000 0.73000 0.07000
0.13000 0.24000 0.05000 0.21000 0.06000 0.23000 0.08000
0.08000 0.09000 0.18000 0.04000 0.40000 0.08000 0.13000
0.07000 0.14000 0.15000 0.09000 0.12000 0.30000 0.13000
0.17000 0.08000 0.25000 0.18000 0.05000 0.16000 0.11000
0.07000 0.02000 0.02000 0.69000 0.02000 0.04000 0.14000
0.07000 0.27250 0.16000 0.06056 0.31167 0.04000 0.08528
0.11000 0.06000 0.23000 0.17000 0.10000 0.18000 0.15000
