# Country Folk Indie Jazz Metal Pop Rock
0.12894 0.07781 0.08365 0.11945 0.03039 0.41315 0.14660
0.25459 0.06386 0.09166 0.18991 0.06760 0.20446 0.12792
0.09648 0.69503 0.03371 0.03901 0.05342 0.04708 0.03526
0.06700 0.33965 0.16950 0.15575 0.10542 0.06546 0.09721
0.08283 0.14986 0.19794 0.09746 0.20448 0.14162 0.12581
0.02263 0.03106 0.02614 0.01649 0.77012 0.03310 0.10044
0.20375 0.10006 0.27002 0.18826 0.03020 0.11978 0.08791
0.24628 0.12503 0.26500 0.10797 0.01791 0.12404 0.11378
0.33779 0.08245 0.21478 0.04342 0.02009 0.21104 0.09043
0.03173 0.39680 0.07783 0.12254 0.24065 0.03511 0.09533
0.06539 0.18029 0.08684 0.04012 0.04670 0.31665 0.26402
0.17961 0.16000 0.20998 0.01591 0.08955 0.14849 0.19646
0.10542 0.06435 0.36549 0.04637 0.05787 0.20449 0.15601
0.03590 0.22752 0.08772 0.51214 0.03336 0.04796 0.05539
0.11149 0.07761 0.39296 0.07845 0.01702 0.23887 0.08361
0.15101 0.03929 0.06555 0.20009 0.01704 0.26035 0.26667
0.02388 0.06913 0.03660 0.05640 0.27592 0.28014 0.25793
0.08791 0.07422 0.26067 0.04246 0.17880 0.14553 0.21041
0.20344 0.07172 0.11620 0.09936 0.21565 0.13638 0.15725
0.11056 0.03918 0.12427 0.07393 0.01913 0.54016 0.09277
0.22200 0.14639 0.11456 0.12442 0.02982 0.23333 0.12948
0.10560 0.17919 0.20905 0.28389 0.08233 0.05429 0.08565
0.25477 0.09152 0.11985 0.08850 0.06372 0.22093 0.16070
0.08643 0.13041 0.25729 0.13917 0.07750 0.13894 0.17026
0.09052 0.07255 0.21226 0.06251 0.34183 0.07217 0.14817
0.06299 0.20573 0.17675 0.08533 0.20459 0.03555 0.22907
0.20396 0.05350 0.09907 0.07360 0.32144 0.16594 0.08249
0.04467 0.10310 0.12402 0.03360 0.53685 0.03629 0.12147
0.13196 0.11946 0.27971 0.04095 0.01037 0.29846 0.11908
0.56382 0.09927 0.04555 0.14611 0.02513 0.07765 0.04246
0.03143 0.37749 0.08796 0.08951 0.14445 0.19549 0.07368
0.10546 0.13670 0.11232 0.16855 0.02599 0.31993 0.13105
0.07214 0.12326 0.13509 0.02884 0.42555 0.11305 0.10208
0.17817 0.08954 0.13293 0.14604 0.01445 0.28779 0.15109
0.25207 0.04532 0.04421 0.49135 0.01891 0.04766 0.10049
0.01333 0.04711 0.05945 0.10911 0.02589 0.66207 0.08304
0.25340 0.05858 0.05749 0.20638 0.01116 0.21521 0.19778
0.06117 0.26685 0.10525 0.28230 0.01991 0.18111 0.08341
0.03173 0.39680 0.07783 0.12254 0.24065 0.03511 0.09533
0.27323 0.04913 0.19301 0.13877 0.02216 0.17633 0.14736
0.12945 0.13728 0.13033 0.13709 0.08765 0.09339 0.28481
0.03994 0.08440 0.06366 0.10924 0.05620 0.57697 0.06959
0.11363 0.26107 0.15914 0.20746 0.06738 0.14043 0.05090
0.06615 0.20947 0.12659 0.04394 0.24361 0.06996 0.24029
0.17035 0.08106 0.18112 0.05219 0.04981 0.20074 0.26473
0.07610 0.27826 0.08439 0.39564 0.03319 0.03394 0.09848
0.05701 0.12427 0.31946 0.04648 0.02176 0.30696 0.12405
0.04783 0.03864 0.15220 0.07147 0.02395 0.52380 0.14211
0.07332 0.78760 0.04592 0.03781 0.01933 0.00982 0.02619
0.07058 0.43687 0.26933 0.10669 0.03214 0.01778 0.06660
0.20609 0.10608 0.20694 0.04192 0.02029 0.23797 0.18071
0.04569 0.09751 0.48110 0.03025 0.03643 0.14003 0.16899
0.01525 0.04545 0.06439 0.05141 0.67799 0.04495 0.10056
0.22095 0.06837 0.10973 0.40705 0.02185 0.07834 0.09371
0.08116 0.19203 0.21565 0.03890 0.08635 0.25030 0.13559
0.06331 0.26513 0.06065 0.08032 0.41685 0.06523 0.04851
0.05575 0.12197 0.11067 0.13472 0.09023 0.23756 0.24909
0.05939 0.06682 0.22493 0.10396 0.04585 0.32156 0.17749
0.30153 0.00826 0.03187 0.30060 0.00525 0.27243 0.08007
0.06127 0.12804 0.17996 0.21784 0.08308 0.18013 0.14969
0.12509 0.04873 0.19919 0.16185 0.05501 0.23941 0.17072
0.22660 0.05821 0.19023 0.07694 0.08060 0.03139 0.33602
0.18954 0.18475 0.33156 0.11589 0.02535 0.06546 0.08745
0.30538 0.05176 0.15571 0.14262 0.04771 0.14767 0.14915
0.05014 0.05560 0.53051 0.07122 0.01457 0.16768 0.11028
0.09709 0.06589 0.06677 0.06049 0.25924 0.26581 0.18470
0.25979 0.06765 0.02886 0.46825 0.00454 0.08322 0.08768
0.24372 0.15035 0.15394 0.06126 0.02541 0.15837 0.20694
0.01913 0.11053 0.57751 0.03673 0.04759 0.04383 0.16468
0.32641 0.15356 0.04656 0.20715 0.02996 0.18206 0.05430
0.24922 0.05991 0.27447 0.12920 0.01283 0.18237 0.09200
0.03687 0.13549 0.27435 0.02630 0.26792 0.13215 0.12691
0.06982 0.11958 0.30149 0.03580 0.20255 0.19019 0.08057
0.37253 0.12259 0.19536 0.06198 0.01534 0.11305 0.11916
0.56958 0.02667 0.06099 0.04487 0.00774 0.13703 0.15313
0.11394 0.18941 0.16343 0.08383 0.14884 0.08890 0.21165
0.10982 0.09982 0.07826 0.44855 0.06300 0.14128 0.05927
0.01386 0.06941 0.27945 0.01774 0.45844 0.04048 0.12062
0.15489 0.06991 0.16468 0.10961 0.08609 0.36176 0.05306
0.21677 0.25889 0.04737 0.11737 0.03237 0.25854 0.06870
0.11824 0.12725 0.23662 0.22839 0.05652 0.08349 0.14950
0.01062 0.02026 0.03327 0.01115 0.89533 0.01870 0.01066
0.08052 0.21681 0.22324 0.12004 0.06436 0.13331 0.16170
0.08173 0.13660 0.20406 0.07673 0.11066 0.25401 0.13622
0.06944 0.15495 0.08981 0.09314 0.10830 0.27253 0.21184
0.47180 0.20285 0.07353 0.13505 0.02474 0.05205 0.03999
0.41400 0.07535 0.06707 0.16447 0.02016 0.12421 0.13474
0.14618 0.13477 0.09844 0.32430 0.02580 0.10677 0.16375
0.05033 0.17242 0.17029 0.11819 0.10630 0.30997 0.07250
0.13009 0.08604 0.08826 0.05492 0.18969 0.27585 0.17515
0.06400 0.04030 0.03920 0.37360 0.01196 0.29548 0.17547
0.08418 0.64675 0.08886 0.03818 0.01952 0.03854 0.08397
0.15949 0.11113 0.16432 0.10764 0.11102 0.24165 0.10476
0.09576 0.05617 0.25069 0.14701 0.05705 0.34353 0.04979
0.49917 0.11382 0.04669 0.18100 0.00965 0.06904 0.08064
0.06906 0.13654 0.02842 0.18327 0.40003 0.10475 0.07792
0.05181 0.03245 0.06437 0.61730 0.01537 0.12842 0.09028
0.07527 0.11273 0.21181 0.15970 0.08733 0.17482 0.17834
0.55221 0.11597 0.06003 0.13939 0.02173 0.05303 0.05764
0.10732 0.11479 0.07780 0.11470 0.10346 0.37556 0.10637
0.66415 0.04278 0.02758 0.07795 0.01140 0.06448 0.11165
0.13853 0.11087 0.10661 0.09002 0.03767 0.11775 0.39855
0.02958 0.09994 0.09680 0.05912 0.53830 0.05536 0.12090
0.18108 0.05580 0.37734 0.08034 0.06002 0.06093 0.18449
0.05573 0.04670 0.07631 0.03168 0.69240 0.01175 0.08543
0.04544 0.15015 0.03809 0.09038 0.29623 0.23100 0.14871
0.46543 0.02105 0.07772 0.11316 0.02616 0.14233 0.15414
0.25950 0.08917 0.16435 0.08658 0.02771 0.20876 0.16393
0.01710 0.03901 0.13720 0.04151 0.50393 0.10401 0.15724
0.01588 0.07143 0.07397 0.00917 0.67422 0.03810 0.11724
0.38783 0.12655 0.11822 0.10905 0.00898 0.11494 0.13443
0.14518 0.09779 0.12959 0.25593 0.14414 0.10394 0.12344
0.01341 0.85296 0.02578 0.03971 0.01931 0.02009 0.02874
0.14189 0.10208 0.14833 0.04639 0.10638 0.18582 0.26911
0.15487 0.19835 0.14451 0.07650 0.08030 0.04403 0.30144
0.15407 0.08942 0.22015 0.13112 0.02231 0.18358 0.19936
0.21091 0.22553 0.14263 0.26793 0.01075 0.08015 0.06210
0.05652 0.10696 0.06958 0.40874 0.07799 0.16911 0.11111
0.14388 0.17111 0.12473 0.13822 0.09872 0.17199 0.15135
0.22235 0.08454 0.14237 0.04569 0.11043 0.25101 0.14361
0.18214 0.09251 0.11960 0.34114 0.06739 0.11205 0.08518
0.04889 0.04422 0.05677 0.22347 0.01028 0.42301 0.19336
0.04623 0.07223 0.10418 0.07502 0.16198 0.32433 0.21601
0.07748 0.02656 0.03280 0.75545 0.01209 0.06352 0.03210
0.10482 0.16392 0.17456 0.19866 0.09900 0.08751 0.17152
0.04240 0.07051 0.18303 0.16703 0.00322 0.43372 0.10010
0.10787 0.03530 0.22855 0.10836 0.01235 0.15968 0.34789
0.28657 0.03148 0.02778 0.49845 0.01026 0.07182 0.07365
0.21504 0.15223 0.07415 0.30347 0.01236 0.07059 0.17217
0.11222 0.06053 0.11913 0.25564 0.05510 0.20808 0.18930
0.08777 0.22215 0.38860 0.03530 0.08013 0.05097 0.13508
0.04584 0.04740 0.07040 0.03882 0.64211 0.06691 0.08852
0.02193 0.10293 0.30686 0.20209 0.06134 0.12917 0.17568
0.09482 0.05175 0.06416 0.03059 0.09271 0.45495 0.21103
0.13946 0.04748 0.19694 0.03875 0.04751 0.17996 0.34989
0.08074 0.21298 0.02316 0.38613 0.02921 0.15599 0.11180
0.24894 0.10307 0.08595 0.13709 0.05751 0.21004 0.15740
0.13577 0.12449 0.18631 0.17629 0.02329 0.17553 0.17832
0.15846 0.05664 0.13783 0.16162 0.04961 0.25031 0.18554
0.03368 0.17890 0.07491 0.16239 0.15081 0.25593 0.14337
0.08968 0.06814 0.38343 0.04419 0.16875 0.15634 0.08948
0.04898 0.13070 0.13854 0.17730 0.21980 0.14223 0.14244
0.09776 0.21166 0.17152 0.05552 0.16766 0.06812 0.22776
0.43761 0.12489 0.19837 0.08745 0.01378 0.03699 0.10090
0.03641 0.06492 0.09953 0.21500 0.17866 0.19492 0.21055
0.08535 0.10243 0.08977 0.07179 0.18201 0.30193 0.16671
0.10060 0.09277 0.32526 0.04395 0.18489 0.15204 0.10048
0.02117 0.05027 0.22266 0.08579 0.01222 0.47929 0.12860
0.09695 0.04765 0.22393 0.09483 0.02895 0.22032 0.28737
0.09436 0.05241 0.05456 0.57484 0.01790 0.09355 0.11238
0.30264 0.07890 0.08565 0.19607 0.01656 0.10713 0.21304
0.14653 0.06650 0.24150 0.07090 0.16673 0.05017 0.25767
0.03215 0.02975 0.05124 0.04099 0.74120 0.06060 0.04406
0.04463 0.14005 0.09996 0.09459 0.33825 0.11172 0.17081
0.17196 0.20072 0.07150 0.27455 0.16760 0.06111 0.05255
0.01017 0.24248 0.06907 0.05625 0.06370 0.49155 0.06678
0.07041 0.15435 0.18190 0.09903 0.16803 0.16344 0.16284
0.13638 0.05443 0.22058 0.21337 0.01733 0.09079 0.26712
0.22557 0.29384 0.10341 0.17125 0.05803 0.05724 0.09066
0.03173 0.39680 0.07783 0.12254 0.24065 0.03511 0.09533
0.04743 0.42610 0.06397 0.13583 0.09463 0.17199 0.06005
0.07313 0.10653 0.13707 0.03977 0.38984 0.03282 0.22084
0.25711 0.12506 0.03197 0.31595 0.01355 0.09921 0.15714
0.07016 0.09183 0.16481 0.05344 0.20746 0.15336 0.25895
0.15739 0.16496 0.26836 0.15177 0.08084 0.09536 0.08132
0.09254 0.12569 0.12673 0.19244 0.18132 0.09176 0.18950
0.08204 0.07978 0.22253 0.05649 0.13964 0.27286 0.14665
0.13689 0.08552 0.09641 0.29803 0.04524 0.16605 0.17186
0.08998 0.12884 0.07695 0.11810 0.24956 0.18585 0.15071
0.17258 0.03962 0.28970 0.04757 0.06349 0.15039 0.23664
0.05667 0.15577 0.40651 0.03377 0.12671 0.09577 0.12479
0.03257 0.06507 0.17047 0.05430 0.44781 0.10880 0.12097
0.05051 0.03278 0.28429 0.03773 0.14516 0.12020 0.32933
0.06200 0.08471 0.09139 0.41654 0.02501 0.19961 0.12074
0.09446 0.05943 0.34394 0.13769 0.06499 0.14035 0.15915
0.04649 0.13083 0.12364 0.04102 0.40396 0.08664 0.16741
0.41369 0.05408 0.18342 0.04501 0.08704 0.08142 0.13535
0.02592 0.05132 0.06863 0.04599 0.72310 0.05180 0.03324
0.05192 0.20223 0.09752 0.07934 0.28211 0.06281 0.22406
0.12712 0.11118 0.30220 0.23318 0.04076 0.06084 0.12473
0.13305 0.06094 0.17669 0.04096 0.12672 0.29947 0.16217
0.06641 0.07317 0.24688 0.08589 0.19508 0.09111 0.24146
0.03746 0.12569 0.20163 0.08141 0.02285 0.13945 0.39150
0.31451 0.09432 0.11096 0.13408 0.03287 0.20513 0.10813
0.22502 0.16640 0.13550 0.13824 0.04605 0.17562 0.11317
0.44375 0.03521 0.10112 0.18811 0.01440 0.10507 0.11234
0.11546 0.16882 0.14079 0.15352 0.06874 0.17799 0.17469
0.29128 0.14344 0.07770 0.10944 0.07459 0.18720 0.11635
0.03603 0.08766 0.31931 0.17928 0.01447 0.23257 0.13068
0.69749 0.07999 0.03200 0.13281 0.00988 0.01167 0.03616
0.04510 0.11142 0.06996 0.10316 0.42636 0.08852 0.15547
0.12957 0.04758 0.07106 0.16026 0.01416 0.40607 0.17130
0.45638 0.03216 0.07276 0.01948 0.02194 0.07965 0.31762
0.38559 0.02712 0.06395 0.33397 0.00607 0.04971 0.13359
0.31798 0.09303 0.02279 0.23596 0.01166 0.25724 0.06135
0.07328 0.12799 0.19757 0.07071 0.12341 0.27270 0.13433
0.05516 0.43171 0.08381 0.11167 0.14171 0.07196 0.10397
0.32135 0.05356 0.18206 0.19118 0.00755 0.14215 0.10215
0.18327 0.07840 0.02618 0.49448 0.04018 0.04604 0.13145
0.07566 0.33711 0.17610 0.07264 0.12142 0.06466 0.15242
0.05919 0.35571 0.12638 0.07457 0.16483 0.11237 0.10695
0.06634 0.31618 0.20027 0.06943 0.01615 0.17246 0.15917
0.25090 0.05366 0.31351 0.07676 0.04470 0.07978 0.18070
0.08045 0.19721 0.07956 0.21735 0.01899 0.33201 0.07444
0.03523 0.06445 0.13954 0.06054 0.46198 0.12242 0.11583
0.11944 0.21465 0.18108 0.08116 0.10862 0.20525 0.08980
0.15620 0.13949 0.12241 0.12748 0.18587 0.06892 0.19963
0.03173 0.39680 0.07783 0.12254 0.24065 0.03511 0.09533
0.02802 0.13142 0.19902 0.15931 0.21287 0.09846 0.17091
0.14697 0.29839 0.24693 0.09572 0.06972 0.08180 0.06047
0.27492 0.24573 0.12431 0.16716 0.02018 0.06250 0.10520
0.13330 0.11739 0.43254 0.02999 0.03765 0.10652 0.14262
0.22078 0.13338 0.15644 0.19338 0.10179 0.09249 0.10174
0.02199 0.08411 0.21579 0.05044 0.02307 0.40148 0.20313
0.14852 0.19992 0.19210 0.11626 0.16986 0.04853 0.12481
0.03737 0.17608 0.38579 0.06282 0.03437 0.07311 0.23047
0.16436 0.29565 0.07857 0.10774 0.08494 0.09339 0.17535
0.18603 0.04351 0.12610 0.10782 0.06705 0.41979 0.04970
0.04283 0.02806 0.13336 0.11787 0.02606 0.38217 0.26964
0.23584 0.09421 0.12034 0.09751 0.06644 0.20476 0.18090
0.27951 0.13211 0.15579 0.06881 0.01807 0.22022 0.12549
0.24665 0.14939 0.03938 0.15849 0.01229 0.20440 0.18940
0.20591 0.21358 0.09667 0.21701 0.03067 0.13549 0.10066
0.09590 0.06405 0.21619 0.07186 0.04627 0.06587 0.43987
0.19193 0.16464 0.14754 0.28390 0.02024 0.12891 0.06285
0.02049 0.03702 0.09064 0.05736 0.49282 0.10649 0.19518
0.12489 0.10002 0.25792 0.16848 0.04051 0.10541 0.20276
0.02922 0.07786 0.11982 0.10948 0.05619 0.52148 0.08596
0.24096 0.30363 0.12997 0.14397 0.04996 0.06058 0.07094
0.10366 0.16505 0.15691 0.13065 0.14877 0.12441 0.17057
0.00591 0.01896 0.00913 0.01028 0.90766 0.01205 0.03601
0.02764 0.06034 0.00913 0.01465 0.76128 0.05363 0.07332
0.10652 0.03204 0.14571 0.08035 0.02213 0.32641 0.28684
0.27813 0.04592 0.22112 0.15130 0.00678 0.10410 0.19264
0.02096 0.04979 0.02097 0.01296 0.83912 0.01938 0.03681
0.05962 0.07241 0.11111 0.22103 0.18760 0.14282 0.20541
0.05547 0.19614 0.33258 0.01718 0.10431 0.08245 0.21189
0.17999 0.07693 0.10872 0.33757 0.03755 0.13770 0.12154
0.03357 0.08083 0.57745 0.05991 0.06063 0.08070 0.10691
0.21148 0.09852 0.19945 0.17789 0.05298 0.17441 0.08526
0.08442 0.10750 0.08137 0.41640 0.05320 0.09328 0.16382
0.42959 0.07443 0.00614 0.37660 0.03798 0.04128 0.03398
0.08632 0.15574 0.13777 0.05100 0.33986 0.08277 0.14655
0.06235 0.16193 0.14492 0.13868 0.14696 0.21294 0.13222
0.16531 0.09874 0.06409 0.24480 0.04455 0.13346 0.24904
0.18705 0.14260 0.07258 0.06700 0.07053 0.05552 0.40472
0.08130 0.16731 0.21757 0.11545 0.04222 0.23462 0.14154
0.44379 0.03579 0.18763 0.02996 0.00715 0.18325 0.11243
0.07782 0.08970 0.20521 0.20942 0.07886 0.14651 0.19247
0.05298 0.26885 0.12784 0.11364 0.14755 0.11498 0.17416
0.00388 0.01405 0.01377 0.01506 0.93528 0.00549 0.01246
0.14221 0.31933 0.06466 0.15912 0.09200 0.15909 0.06357
0.05592 0.45818 0.11160 0.11327 0.07202 0.05775 0.13126
0.25100 0.08017 0.08270 0.08616 0.02450 0.32522 0.15025
0.12688 0.07191 0.28437 0.05065 0.13949 0.15393 0.17276
0.25333 0.16852 0.04143 0.16136 0.06523 0.12926 0.18087
0.05614 0.18178 0.10017 0.30392 0.00978 0.26617 0.08204
0.14692 0.07036 0.14646 0.22866 0.03950 0.13179 0.23631
0.07637 0.19238 0.12116 0.08853 0.18298 0.05381 0.28477
0.55436 0.10940 0.08597 0.12281 0.02179 0.05720 0.04847
0.18710 0.04309 0.06480 0.51388 0.02144 0.10021 0.06948
0.15386 0.21691 0.17391 0.20924 0.02350 0.12272 0.09986
0.01485 0.14252 0.05315 0.10029 0.16329 0.37882 0.14708
0.04507 0.16561 0.05261 0.06926 0.48983 0.03655 0.14106
0.09493 0.09517 0.22928 0.15948 0.01046 0.06797 0.34271
0.08043 0.08122 0.25671 0.13915 0.05145 0.23844 0.15261
0.00331 0.00505 0.00415 0.00169 0.97421 0.00451 0.00708
0.10859 0.06781 0.15405 0.15588 0.03474 0.27164 0.20729
0.03173 0.39680 0.07783 0.12254 0.24065 0.03511 0.09533
0.01783 0.44584 0.03644 0.09037 0.06831 0.17401 0.16720
0.09189 0.29385 0.09333 0.11214 0.17017 0.11559 0.12304
0.08605 0.08794 0.15096 0.22007 0.07033 0.17680 0.20785
0.11686 0.08936 0.24100 0.05495 0.02788 0.17792 0.29203
0.15260 0.55258 0.07192 0.07516 0.03834 0.03980 0.06961
0.02850 0.77163 0.03157 0.03566 0.03709 0.02740 0.06816
0.06463 0.07035 0.14845 0.13535 0.27066 0.16455 0.14601
0.42010 0.12329 0.08335 0.04303 0.04500 0.24150 0.04372
0.01654 0.21782 0.08437 0.07102 0.48585 0.02965 0.09475
0.43906 0.10258 0.09243 0.04047 0.01326 0.15871 0.15348
0.03141 0.08248 0.05955 0.06253 0.66242 0.04331 0.05829
0.10331 0.21557 0.18649 0.08855 0.03934 0.11856 0.24818
0.09279 0.35448 0.08176 0.09540 0.24381 0.05689 0.07487
0.08266 0.11867 0.06581 0.21035 0.09173 0.28778 0.14300
0.08005 0.10521 0.09535 0.02988 0.12300 0.25913 0.30738
0.04505 0.26861 0.06883 0.19061 0.21086 0.15229 0.06375
0.55191 0.05939 0.05743 0.09382 0.05461 0.07043 0.11240
0.04964 0.37918 0.09307 0.15547 0.12155 0.09840 0.10269
0.15623 0.08546 0.27996 0.14474 0.06246 0.09715 0.17400
0.01182 0.06727 0.04995 0.01432 0.77022 0.01631 0.07011
0.10643 0.07076 0.17611 0.25908 0.11898 0.16236 0.10628
0.03173 0.39680 0.07783 0.12254 0.24065 0.03511 0.09533
0.08743 0.04753 0.07387 0.18213 0.01869 0.29341 0.29694
0.02813 0.05080 0.03380 0.06068 0.36763 0.18939 0.26958
0.07062 0.06764 0.21099 0.12297 0.22368 0.11098 0.19312
0.12346 0.14804 0.14819 0.17371 0.06772 0.13883 0.20006
0.75922 0.07491 0.06626 0.04235 0.00255 0.03383 0.02087
0.27689 0.08281 0.07031 0.29876 0.00666 0.14268 0.12190
0.08150 0.19048 0.40012 0.11483 0.02373 0.11087 0.07848
0.06258 0.10851 0.06569 0.37256 0.01470 0.26337 0.11259
0.03173 0.39680 0.07783 0.12254 0.24065 0.03511 0.09533
0.07471 0.17938 0.13192 0.16325 0.17295 0.11444 0.16335
0.19517 0.11746 0.07620 0.34220 0.03291 0.11718 0.11888
0.40677 0.05958 0.01583 0.46233 0.00584 0.00949 0.04017
0.52807 0.22229 0.10363 0.05407 0.02790 0.01634 0.04770
0.07729 0.09461 0.35661 0.06079 0.07659 0.10177 0.23234
0.32135 0.06427 0.05962 0.28273 0.00564 0.08297 0.18342
0.06644 0.21205 0.22094 0.14155 0.04508 0.10080 0.21313
0.24525 0.13390 0.11499 0.09705 0.07297 0.22969 0.10616
0.08590 0.11397 0.25692 0.13995 0.10879 0.13075 0.16373
0.05736 0.08443 0.15390 0.16538 0.14888 0.16956 0.22050
0.23222 0.06813 0.19471 0.24664 0.01471 0.10763 0.13596
0.03796 0.05110 0.14827 0.05675 0.49884 0.07278 0.13430
0.29618 0.12162 0.04689 0.34405 0.00558 0.07119 0.11449
0.22553 0.05619 0.11819 0.03206 0.02876 0.08760 0.45168
0.06985 0.12626 0.04579 0.06320 0.19786 0.39434 0.10270
0.47180 0.20285 0.07353 0.13505 0.02474 0.05205 0.03999
0.06949 0.12149 0.14789 0.16720 0.09821 0.17251 0.22320
0.06225 0.09143 0.15825 0.11821 0.14836 0.12587 0.29563
0.10354 0.11890 0.19335 0.09535 0.08738 0.13040 0.27108
0.08418 0.25183 0.12678 0.16600 0.11494 0.11076 0.14553
0.73711 0.10403 0.02952 0.03666 0.00694 0.02444 0.06131
0.16354 0.03746 0.08673 0.07759 0.34041 0.12012 0.17414
0.02592 0.05394 0.04147 0.06017 0.33510 0.18213 0.30127
0.22924 0.17110 0.04598 0.40966 0.02318 0.09031 0.03054
0.03187 0.22918 0.18143 0.14870 0.19395 0.12399 0.09087
0.14798 0.07141 0.15813 0.16674 0.04530 0.09809 0.31235
0.03648 0.14707 0.04383 0.07402 0.05427 0.43429 0.21004
0.20667 0.07396 0.27894 0.19452 0.00901 0.16536 0.07154
0.03356 0.07838 0.17306 0.01722 0.57786 0.04324 0.07669
0.50673 0.04155 0.06480 0.09793 0.03503 0.12623 0.12773
0.07052 0.04389 0.30232 0.11600 0.10360 0.23204 0.13163
0.20698 0.20718 0.22984 0.03779 0.14476 0.08006 0.09339
0.38029 0.21065 0.13980 0.02043 0.04059 0.02219 0.18604
0.07398 0.05683 0.31617 0.11337 0.06948 0.10441 0.26576
0.33819 0.01903 0.05274 0.37112 0.02134 0.15717 0.04042
0.11200 0.01749 0.04877 0.46996 0.00595 0.22924 0.11658
0.23394 0.14360 0.27221 0.07031 0.01342 0.09516 0.17135
0.09325 0.07034 0.16762 0.09218 0.18328 0.09728 0.29605
0.03173 0.39680 0.07783 0.12254 0.24065 0.03511 0.09533
0.10920 0.29493 0.19551 0.08947 0.14526 0.07427 0.09137
0.01635 0.76361 0.02506 0.02971 0.03030 0.06878 0.06619
0.01995 0.75825 0.03950 0.07469 0.02926 0.03695 0.04139
0.63652 0.05148 0.08283 0.09608 0.02328 0.03505 0.07476
0.08449 0.06352 0.27018 0.06608 0.33364 0.09586 0.08623
0.04169 0.24664 0.12206 0.11962 0.26675 0.08290 0.12033
0.01955 0.04704 0.02491 0.00639 0.82370 0.02073 0.05767
0.07693 0.08113 0.03608 0.28642 0.00598 0.43913 0.07432
0.09574 0.03322 0.29238 0.03047 0.03669 0.41756 0.09395
0.06566 0.05541 0.12964 0.12278 0.01786 0.54357 0.06508
0.09570 0.13422 0.09023 0.07366 0.12355 0.24702 0.23562
0.05957 0.05001 0.13556 0.07980 0.09704 0.46379 0.11423
0.12433 0.01226 0.02284 0.72880 0.00686 0.07696 0.02795
0.01339 0.01312 0.02969 0.01342 0.79494 0.01034 0.12509
0.11570 0.13363 0.17141 0.04693 0.01950 0.35911 0.15372
0.11979 0.06549 0.09646 0.08836 0.01973 0.48552 0.12465
0.14097 0.03625 0.35768 0.04585 0.00375 0.30532 0.11019
0.00264 0.01119 0.01482 0.00645 0.92128 0.00572 0.03790
0.26493 0.04654 0.17456 0.05985 0.01966 0.25193 0.18254
0.03834 0.15487 0.12094 0.34868 0.10457 0.16261 0.06999
0.09388 0.22924 0.26242 0.08239 0.07411 0.06868 0.18929
0.06998 0.19035 0.14885 0.17522 0.05082 0.31222 0.05256
0.00511 0.02427 0.04414 0.00898 0.85516 0.03272 0.02961
0.09709 0.05208 0.07430 0.22017 0.05915 0.33384 0.16337
0.05411 0.08783 0.10320 0.08540 0.45433 0.13837 0.07676
0.09730 0.09232 0.09271 0.04448 0.37306 0.06691 0.23322
0.04158 0.61345 0.12477 0.05781 0.07147 0.03673 0.05420
0.04806 0.17987 0.26098 0.10205 0.24071 0.04286 0.12548
0.05999 0.23753 0.27593 0.04991 0.10288 0.03796 0.23581
0.52830 0.14053 0.02793 0.03580 0.01005 0.14795 0.10944
0.04757 0.15817 0.20740 0.15131 0.18860 0.13474 0.11220
0.04505 0.26861 0.06883 0.19061 0.21086 0.15229 0.06375
0.23639 0.40615 0.04008 0.15556 0.00806 0.12813 0.02564
0.06218 0.09901 0.12126 0.00785 0.55584 0.04625 0.10762
0.21532 0.19748 0.24917 0.08200 0.02485 0.04707 0.18411
0.04934 0.05770 0.23114 0.11342 0.05427 0.25984 0.23429
0.20008 0.15850 0.07737 0.15718 0.06839 0.10301 0.23548
0.12504 0.08294 0.41738 0.10619 0.06888 0.11953 0.08005
0.24144 0.06122 0.12249 0.34390 0.01756 0.12406 0.08932
0.02536 0.15856 0.27099 0.09024 0.25938 0.08074 0.11473
0.14869 0.07651 0.10012 0.21835 0.17705 0.15649 0.12278
0.12091 0.06309 0.42138 0.05578 0.05288 0.12230 0.16368
0.02501 0.03961 0.07296 0.03269 0.61308 0.04734 0.16932
0.04999 0.16274 0.12128 0.52956 0.02282 0.03795 0.07567
0.04882 0.23256 0.09938 0.32996 0.10057 0.07620 0.11250
0.03898 0.09127 0.26479 0.02024 0.04965 0.29907 0.23599
0.28580 0.11563 0.10411 0.32100 0.02155 0.06177 0.09014
0.31068 0.05522 0.29306 0.04994 0.01702 0.06798 0.20609
0.09770 0.15739 0.07745 0.06524 0.08661 0.12446 0.39115
0.04526 0.03670 0.49844 0.05401 0.02345 0.25371 0.08844
0.03678 0.17849 0.09987 0.12482 0.10395 0.17271 0.28338
0.11775 0.20334 0.18496 0.05961 0.05307 0.26878 0.11249
0.13843 0.06365 0.48184 0.08786 0.00798 0.09050 0.12973
0.19321 0.23826 0.21097 0.08938 0.04026 0.05967 0.16826
0.07924 0.12934 0.14065 0.04097 0.06201 0.41592 0.13187
0.01290 0.84749 0.02498 0.03111 0.02100 0.02219 0.04033
0.09804 0.08969 0.30140 0.08469 0.06259 0.15436 0.20923
0.20851 0.19761 0.14173 0.17065 0.02449 0.09788 0.15914
0.08778 0.18211 0.18099 0.10779 0.23176 0.07438 0.13519
0.31866 0.11997 0.06134 0.32556 0.04564 0.07405 0.05478
0.02926 0.12300 0.28194 0.06818 0.30268 0.10008 0.09485
0.15540 0.04490 0.13815 0.24759 0.00750 0.18995 0.21651
0.04762 0.46517 0.05425 0.01952 0.34963 0.02580 0.03800
0.05418 0.07360 0.10322 0.07326 0.35180 0.06375 0.28020
0.28767 0.07325 0.12228 0.04152 0.11728 0.13924 0.21876
0.04127 0.59153 0.07887 0.05693 0.08615 0.05971 0.08555
0.04494 0.07474 0.08270 0.05593 0.37496 0.14569 0.22104
0.10979 0.10349 0.25463 0.12489 0.04602 0.19439 0.16679
0.04330 0.06883 0.10201 0.48947 0.03780 0.18952 0.06907
0.05902 0.15031 0.03013 0.07829 0.51095 0.10023 0.07108
0.05338 0.27144 0.26198 0.02486 0.20636 0.07225 0.10973
0.04821 0.08039 0.26766 0.05438 0.07700 0.29128 0.18108
0.25690 0.05435 0.38402 0.10986 0.00284 0.12658 0.06545
0.09835 0.09365 0.12301 0.19686 0.12128 0.23068 0.13615
0.03173 0.39680 0.07783 0.12254 0.24065 0.03511 0.09533
0.22481 0.06682 0.04183 0.39845 0.00685 0.12118 0.14006
0.68092 0.04717 0.06470 0.02211 0.01977 0.13781 0.02751
0.30990 0.05927 0.25535 0.11688 0.02847 0.07346 0.15666
0.20329 0.07436 0.07011 0.36526 0.01729 0.21824 0.05145
0.50115 0.07905 0.12185 0.01678 0.14189 0.02037 0.11891
0.02357 0.09235 0.08968 0.04667 0.61057 0.05941 0.07776
0.45375 0.07759 0.10668 0.19573 0.01393 0.05511 0.09722
0.08155 0.53051 0.07826 0.05828 0.10442 0.07084 0.07614
0.10674 0.06872 0.23262 0.06948 0.04219 0.25868 0.22157
0.05141 0.12788 0.07417 0.02870 0.41817 0.08325 0.21642
0.07876 0.14559 0.03860 0.62767 0.01000 0.06082 0.03856
0.18902 0.21791 0.05055 0.04112 0.29290 0.13281 0.07570
0.34063 0.18888 0.09596 0.04744 0.02863 0.14662 0.15185
0.01952 0.06402 0.08711 0.01687 0.68726 0.04672 0.07850
0.00171 0.00364 0.00251 0.00075 0.97510 0.00476 0.01152
0.10153 0.15706 0.10886 0.17567 0.17188 0.09261 0.19239
0.04897 0.07626 0.02221 0.35810 0.00983 0.36572 0.11891
0.01841 0.70437 0.06785 0.02994 0.02685 0.11408 0.03851
0.72314 0.10552 0.05081 0.03949 0.00603 0.01401 0.06101
0.03573 0.13853 0.07533 0.42180 0.06208 0.12205 0.14448
0.06436 0.27299 0.09597 0.13804 0.05741 0.25356 0.11767
0.10151 0.04313 0.12835 0.15482 0.24083 0.12240 0.20896
0.13931 0.10415 0.23151 0.16469 0.03639 0.13878 0.18517
0.15362 0.23522 0.10359 0.06348 0.18420 0.14648 0.11341
0.08852 0.19132 0.13624 0.18526 0.14248 0.10641 0.14978
0.08624 0.26744 0.06924 0.14851 0.18473 0.07791 0.16593
0.14577 0.37287 0.08651 0.22622 0.02586 0.08045 0.06232
0.06953 0.07850 0.07302 0.06176 0.01193 0.57462 0.13064
0.27766 0.11295 0.09570 0.22981 0.03652 0.06487 0.18250
0.04042 0.09601 0.13452 0.10250 0.35288 0.12567 0.14800
0.03173 0.39680 0.07783 0.12254 0.24065 0.03511 0.09533
0.06597 0.57284 0.08516 0.02117 0.09326 0.06867 0.09293
0.04943 0.22361 0.16621 0.05041 0.19646 0.17862 0.13525
0.06908 0.30437 0.15307 0.04831 0.13355 0.14476 0.14686
0.10706 0.13574 0.07801 0.21079 0.28083 0.10440 0.08318
0.66251 0.06887 0.11919 0.04511 0.00736 0.02119 0.07576
0.04828 0.20152 0.14079 0.02700 0.31037 0.08547 0.18658
0.03541 0.62067 0.06390 0.07168 0.06673 0.05558 0.08604
0.08019 0.07514 0.26801 0.19604 0.02023 0.12233 0.23805
0.22023 0.02678 0.14021 0.11995 0.06861 0.21839 0.20583
0.07376 0.19535 0.07155 0.17703 0.13446 0.24023 0.10762
0.12072 0.16332 0.09581 0.31012 0.08690 0.11630 0.10683
0.03157 0.63876 0.05076 0.07218 0.05826 0.08256 0.06592
0.20406 0.10682 0.09961 0.14452 0.04939 0.21266 0.18293
0.13996 0.04740 0.29574 0.07061 0.01400 0.14318 0.28911
0.29089 0.06282 0.11676 0.12539 0.01861 0.12681 0.25872
0.01114 0.08313 0.04054 0.03050 0.74366 0.02028 0.07074
0.02658 0.29118 0.06339 0.05468 0.08863 0.38850 0.08703
0.12608 0.14790 0.15840 0.20171 0.11401 0.13362 0.11828
0.05691 0.05419 0.15773 0.29946 0.07622 0.24673 0.10876
0.04810 0.26993 0.18445 0.17267 0.15534 0.11442 0.05508
0.55786 0.12922 0.03868 0.08337 0.02919 0.07664 0.08504
0.05197 0.24228 0.09851 0.11526 0.31463 0.08296 0.09438
0.11969 0.35671 0.13273 0.15688 0.00485 0.12123 0.10791
0.06811 0.08600 0.06877 0.53894 0.06163 0.11022 0.06634
0.03173 0.39680 0.07783 0.12254 0.24065 0.03511 0.09533
0.30983 0.04061 0.07104 0.26602 0.02126 0.18597 0.10528
0.10845 0.04724 0.03008 0.28385 0.05529 0.37916 0.09594
0.02872 0.16154 0.29441 0.20768 0.12106 0.08166 0.10493
0.03173 0.39680 0.07783 0.12254 0.24065 0.03511 0.09533
0.20730 0.05550 0.09555 0.37892 0.01944 0.14237 0.10091
0.03067 0.14017 0.06535 0.00995 0.72656 0.01500 0.01230
0.14487 0.05014 0.28635 0.05398 0.03494 0.26190 0.16783
0.04182 0.14560 0.29308 0.08969 0.05571 0.17421 0.19989
0.11158 0.06104 0.16058 0.12038 0.02406 0.39727 0.12510
0.48030 0.05634 0.10179 0.03720 0.01861 0.20546 0.10030
0.32032 0.10567 0.04645 0.09529 0.24020 0.09340 0.09867
0.11187 0.11914 0.11078 0.12577 0.14924 0.26195 0.12123
0.08762 0.04987 0.20592 0.06776 0.12360 0.27996 0.18528
0.11287 0.10938 0.12316 0.33594 0.08788 0.10815 0.12262
0.11316 0.16453 0.17053 0.04499 0.34313 0.05543 0.10823
0.16916 0.04076 0.18842 0.46540 0.00974 0.04244 0.08408
0.00136 0.00433 0.00099 0.00217 0.98554 0.00221 0.00339
0.04482 0.05796 0.14044 0.06394 0.57936 0.03754 0.07593
0.09889 0.13023 0.18845 0.12418 0.10345 0.15299 0.20181
0.08117 0.05892 0.14938 0.08978 0.29738 0.10295 0.22042
0.12049 0.08259 0.08311 0.55989 0.04351 0.06788 0.04253
0.08803 0.12451 0.24641 0.03013 0.09174 0.27380 0.14538
0.13213 0.11096 0.07957 0.06323 0.06078 0.40714 0.14618
0.08094 0.10833 0.14739 0.13295 0.17578 0.16855 0.18605
0.17656 0.12808 0.19537 0.14117 0.04008 0.11824 0.20050
0.07893 0.19801 0.18599 0.09844 0.01670 0.25876 0.16317
0.65736 0.15030 0.03500 0.02957 0.06004 0.02389 0.04384
0.19978 0.02118 0.05791 0.20498 0.02178 0.45938 0.03499
0.22566 0.09019 0.20345 0.09578 0.03804 0.21926 0.12762
0.05795 0.12284 0.15742 0.16403 0.11618 0.13690 0.24467
0.04270 0.04173 0.02922 0.19237 0.01177 0.58916 0.09306
0.23253 0.02541 0.26067 0.03384 0.03579 0.18609 0.22566
0.15285 0.04211 0.19724 0.13202 0.05463 0.26483 0.15631
0.30220 0.02509 0.08040 0.43509 0.00391 0.11163 0.04168
0.60681 0.02608 0.00988 0.28861 0.00801 0.02580 0.03481
0.06392 0.13540 0.29746 0.03203 0.24680 0.05757 0.16683
0.13874 0.07299 0.10565 0.31223 0.04918 0.12054 0.20067
0.07212 0.26096 0.10309 0.26806 0.06862 0.16852 0.05863
0.08577 0.13369 0.12702 0.19331 0.21736 0.12154 0.12131
0.32270 0.03266 0.05037 0.46944 0.01132 0.05980 0.05370
0.30520 0.05925 0.03593 0.36358 0.00512 0.10546 0.12545
0.02675 0.05522 0.04278 0.04233 0.45333 0.12459 0.25500
0.06808 0.15179 0.34275 0.08104 0.07682 0.04118 0.23835
0.17708 0.09284 0.04244 0.39556 0.02440 0.10322 0.16447
0.05227 0.03529 0.04285 0.75905 0.00660 0.06873 0.03520
0.18601 0.15069 0.03400 0.23765 0.02799 0.23943 0.12422
0.02933 0.03890 0.03183 0.05467 0.35690 0.17885 0.30951
0.38461 0.06999 0.33735 0.03406 0.01870 0.04622 0.10907
0.23292 0.04432 0.00717 0.63863 0.00385 0.01951 0.05359
0.33754 0.37614 0.09702 0.08593 0.02944 0.03434 0.03959
0.48711 0.06879 0.02883 0.21738 0.02913 0.08313 0.08563
0.14366 0.02514 0.29685 0.12849 0.00601 0.20009 0.19975
0.70406 0.07374 0.07921 0.03522 0.00893 0.04779 0.05106
0.15517 0.09900 0.27236 0.13663 0.04607 0.18237 0.10840
0.16258 0.14174 0.19540 0.07276 0.21908 0.05656 0.15188
0.11054 0.02380 0.21019 0.11733 0.03396 0.24229 0.26189
0.07404 0.03334 0.10263 0.43171 0.03732 0.19616 0.12480
0.06806 0.17748 0.09460 0.31356 0.05162 0.08451 0.21016
0.15806 0.08462 0.30006 0.05712 0.12612 0.19580 0.07822
0.19432 0.08015 0.03367 0.48649 0.01696 0.07717 0.11124
0.06602 0.55122 0.05677 0.10537 0.10017 0.05643 0.06403
0.29148 0.05591 0.12379 0.07787 0.02394 0.10734 0.31968
0.16986 0.11393 0.15317 0.09653 0.03521 0.17527 0.25602
0.45177 0.06674 0.06102 0.15019 0.00813 0.14139 0.12076
0.16495 0.20352 0.17722 0.02513 0.24146 0.11849 0.06922
0.15376 0.02988 0.14841 0.27011 0.00479 0.29361 0.09943
0.30937 0.19789 0.03830 0.21916 0.08009 0.09123 0.06396
0.03173 0.39680 0.07783 0.12254 0.24065 0.03511 0.09533
0.06948 0.05879 0.25656 0.28057 0.02324 0.16819 0.14318
0.03173 0.39680 0.07783 0.12254 0.24065 0.03511 0.09533
0.03593 0.05524 0.53066 0.01883 0.12920 0.07479 0.15535
0.05721 0.04550 0.27428 0.03848 0.31143 0.12303 0.15007
0.38228 0.02124 0.05734 0.45277 0.00645 0.03315 0.04676
0.07129 0.06453 0.13007 0.11278 0.02666 0.42873 0.16594
0.05743 0.08894 0.12389 0.02931 0.49163 0.02781 0.18099
0.26823 0.08781 0.15695 0.15991 0.04468 0.07261 0.20981
0.19840 0.14645 0.37780 0.08036 0.08772 0.04553 0.06375
0.14311 0.26226 0.14183 0.11284 0.10991 0.10518 0.12487
0.16393 0.18473 0.10268 0.18145 0.11697 0.05908 0.19116
0.01917 0.01621 0.06640 0.03904 0.01069 0.81943 0.02906
0.02436 0.30613 0.09207 0.28287 0.04792 0.21470 0.03195
0.04329 0.02795 0.02708 0.48877 0.00063 0.31123 0.10105
0.02858 0.06502 0.12637 0.02461 0.61981 0.05754 0.07808
0.01103 0.10168 0.04506 0.03139 0.70716 0.05510 0.04858
0.03118 0.13022 0.07274 0.07753 0.43375 0.16396 0.09063
0.06095 0.06656 0.19382 0.07886 0.19049 0.20473 0.20458
0.44684 0.04187 0.24195 0.06369 0.00948 0.14440 0.05177
0.06050 0.09115 0.08747 0.20437 0.07674 0.32233 0.15743
0.32936 0.01608 0.12339 0.19446 0.02123 0.24237 0.07312
0.00274 0.03106 0.00489 0.00476 0.95043 0.00144 0.00469
0.23494 0.09038 0.09676 0.25209 0.04897 0.10863 0.16824
0.36191 0.04920 0.02301 0.17950 0.00649 0.23333 0.14655
0.19816 0.08731 0.12868 0.18403 0.09863 0.12239 0.18080
0.09055 0.36850 0.15095 0.17929 0.02989 0.10205 0.07876
0.13837 0.09257 0.19736 0.02230 0.02316 0.41738 0.10885
0.61836 0.08081 0.02968 0.11959 0.01865 0.02477 0.10813
0.05660 0.06660 0.04178 0.68710 0.03161 0.05435 0.06196
0.11918 0.07647 0.10333 0.11222 0.03516 0.23880 0.31484
0.18796 0.17020 0.15662 0.10601 0.07874 0.14038 0.16009
0.02605 0.03403 0.26666 0.16462 0.15846 0.31480 0.03538
0.14507 0.05655 0.09737 0.19321 0.08037 0.16558 0.26185
0.05533 0.10629 0.23636 0.03169 0.07535 0.31675 0.17823
0.15612 0.08391 0.13936 0.20331 0.03019 0.09160 0.29552
0.45322 0.05140 0.02708 0.14088 0.02862 0.03231 0.26649
0.01845 0.19389 0.12312 0.39724 0.04250 0.19023 0.03456
0.07508 0.17679 0.13057 0.16599 0.17325 0.11760 0.16073
0.11941 0.35950 0.23255 0.03001 0.05685 0.08018 0.12149
0.09213 0.41942 0.10578 0.17873 0.05203 0.05156 0.10035
0.07952 0.11884 0.26775 0.07504 0.18287 0.14672 0.12927
0.41093 0.07287 0.04059 0.12642 0.05907 0.14239 0.14774
0.06763 0.04776 0.05438 0.52711 0.07394 0.11552 0.11366
0.16298 0.07942 0.14164 0.06107 0.05162 0.09038 0.41288
0.40529 0.03564 0.09914 0.06206 0.01786 0.27041 0.10960
0.12181 0.14865 0.01927 0.11212 0.39052 0.04699 0.16064
0.23631 0.09769 0.22090 0.11404 0.02462 0.17890 0.12754
0.29004 0.05083 0.01507 0.22474 0.01224 0.23041 0.17667
0.10683 0.24095 0.33620 0.05671 0.05192 0.10462 0.10277
0.21996 0.18522 0.12455 0.20827 0.01197 0.09397 0.15607
0.15096 0.03182 0.05964 0.10779 0.23494 0.28034 0.13450
0.07765 0.03213 0.12699 0.53991 0.04887 0.05380 0.12064
0.01169 0.03717 0.02238 0.01420 0.87244 0.00627 0.03586
0.43854 0.08655 0.09371 0.11213 0.04524 0.08362 0.14022
0.12617 0.06590 0.05430 0.15179 0.13314 0.20944 0.25927
0.06474 0.19052 0.10290 0.19614 0.12178 0.11921 0.20470
0.24966 0.30462 0.08391 0.17689 0.04034 0.06288 0.08172
0.14827 0.05554 0.06546 0.12357 0.00590 0.49547 0.10578
0.06328 0.10901 0.14122 0.07952 0.17200 0.22190 0.21307
0.13942 0.08092 0.16378 0.12780 0.02267 0.29429 0.17113
0.40767 0.17451 0.15564 0.13915 0.01970 0.04612 0.05722
0.28276 0.12937 0.11794 0.10949 0.12624 0.07345 0.16075
0.10865 0.05045 0.19099 0.30509 0.01197 0.10515 0.22770
0.05647 0.02325 0.03226 0.09087 0.00715 0.74227 0.04774
0.05365 0.05878 0.37537 0.06550 0.02423 0.18481 0.23765
0.10087 0.16594 0.12098 0.03558 0.44590 0.03073 0.09999
0.07679 0.08976 0.30346 0.03268 0.18476 0.13478 0.17777
0.04103 0.05835 0.29436 0.20907 0.02029 0.21980 0.15710
0.26248 0.02303 0.06819 0.26572 0.01163 0.18479 0.18417
0.11835 0.03268 0.12994 0.06976 0.07977 0.34550 0.22400
0.05430 0.58462 0.03885 0.06330 0.04780 0.10136 0.10976
0.01360 0.03154 0.01544 0.02255 0.85188 0.01680 0.04820
0.17792 0.02530 0.26650 0.24293 0.00483 0.09641 0.18612
0.25467 0.04543 0.08359 0.19732 0.02142 0.30121 0.09636
0.04476 0.10973 0.07596 0.10309 0.10782 0.40794 0.15069
0.05327 0.08993 0.31651 0.07774 0.18719 0.17644 0.09892
0.01070 0.27882 0.07529 0.09488 0.09838 0.33914 0.10279
0.10366 0.15084 0.24183 0.09316 0.06638 0.07884 0.26528
0.15013 0.09050 0.21135 0.34776 0.05566 0.07067 0.07392
0.35627 0.11772 0.14579 0.10334 0.08183 0.07669 0.11835
0.06590 0.12985 0.27069 0.03483 0.23911 0.05745 0.20217
0.05957 0.14762 0.05873 0.40090 0.02642 0.20717 0.09959
0.02773 0.10585 0.26163 0.02204 0.17536 0.28346 0.12393
0.04071 0.07566 0.08233 0.02751 0.58207 0.07883 0.11289
0.32356 0.18725 0.05579 0.19765 0.11645 0.04452 0.07478
0.06650 0.03372 0.17178 0.06516 0.35739 0.11270 0.19276
0.02958 0.09933 0.05166 0.06669 0.03685 0.64513 0.07075
0.19733 0.31375 0.04024 0.14794 0.02400 0.18318 0.09357
0.04607 0.19594 0.12923 0.09398 0.39904 0.05009 0.08565
0.15110 0.24278 0.13590 0.27523 0.03352 0.07942 0.08204
0.22707 0.12661 0.09136 0.14153 0.09941 0.21769 0.09633
0.09376 0.12425 0.15495 0.10734 0.03866 0.10669 0.37435
0.29656 0.08089 0.23891 0.10286 0.06201 0.08025 0.13852
0.04173 0.10540 0.16633 0.08813 0.49418 0.03401 0.07022
0.01515 0.08886 0.13483 0.02266 0.57957 0.03849 0.12045
0.10740 0.06063 0.14134 0.04198 0.25691 0.22428 0.16744
0.31219 0.06375 0.13338 0.03963 0.01416 0.32089 0.11600
0.38361 0.09202 0.10224 0.29967 0.01499 0.03930 0.06817
0.38685 0.02269 0.11819 0.09326 0.00543 0.15150 0.22208
0.40823 0.04328 0.03991 0.14936 0.04048 0.19872 0.12002
0.01161 0.23349 0.08206 0.11496 0.06987 0.41394 0.07407
0.15390 0.06544 0.12488 0.09041 0.03062 0.20934 0.32539
0.01663 0.01502 0.01428 0.01176 0.80544 0.08300 0.05387
0.06272 0.09894 0.14796 0.11940 0.26994 0.12195 0.17910
0.02441 0.02891 0.11948 0.00739 0.62391 0.04599 0.14991
0.00127 0.00822 0.00492 0.00591 0.95868 0.00284 0.01817
0.14056 0.11335 0.17295 0.29662 0.02742 0.09313 0.15596
0.05686 0.41216 0.10732 0.07761 0.10271 0.09053 0.15280
0.11395 0.06911 0.33592 0.10310 0.01471 0.21297 0.15023
0.04339 0.15589 0.01889 0.02088 0.66549 0.03777 0.05770
0.07900 0.13664 0.31760 0.07412 0.14823 0.07936 0.16505
0.09171 0.06216 0.08936 0.36611 0.03429 0.14377 0.21259
0.04680 0.20333 0.17977 0.25228 0.05863 0.18124 0.07794
0.06695 0.35855 0.11674 0.17283 0.10123 0.06839 0.11531
0.08731 0.28471 0.21255 0.05660 0.05349 0.14114 0.16420
0.18594 0.28911 0.07880 0.23948 0.00619 0.11576 0.08472
0.03541 0.62067 0.06390 0.07168 0.06673 0.05558 0.08604
0.14318 0.05755 0.10357 0.10702 0.05495 0.28757 0.24616
0.11723 0.03568 0.31945 0.09588 0.01889 0.19831 0.21456
0.62843 0.05118 0.04599 0.12203 0.00796 0.04789 0.09651
0.15767 0.19712 0.22957 0.04782 0.12507 0.08209 0.16068
0.16882 0.14540 0.12945 0.15133 0.05974 0.15436 0.19089
0.04019 0.12687 0.07283 0.22405 0.17342 0.09323 0.26941
0.00597 0.01906 0.03137 0.01186 0.91031 0.00635 0.01507
0.02883 0.08718 0.05910 0.05557 0.24281 0.17856 0.34796
0.03156 0.05393 0.06975 0.07510 0.48160 0.13790 0.15017
0.25281 0.12635 0.14119 0.17615 0.04768 0.13139 0.12442
0.14707 0.05002 0.05835 0.10527 0.03221 0.24991 0.35717
0.01834 0.12731 0.05139 0.14632 0.06985 0.44863 0.13816
0.03956 0.14837 0.09662 0.24145 0.35717 0.02163 0.09520
0.17299 0.12977 0.23475 0.08211 0.11006 0.15695 0.11337
0.09090 0.13767 0.05345 0.11149 0.26301 0.09764 0.24585
0.17863 0.07240 0.07809 0.18121 0.13526 0.27631 0.07811
0.05959 0.20580 0.36082 0.05820 0.11894 0.03849 0.15816
0.07699 0.10619 0.33080 0.07750 0.20003 0.04741 0.16107
0.11073 0.10059 0.14759 0.36205 0.06073 0.08670 0.13160
0.07518 0.23893 0.15392 0.19287 0.07497 0.12313 0.14100
0.04315 0.12867 0.22476 0.01927 0.14578 0.29310 0.14527
0.06729 0.05337 0.31970 0.04149 0.05131 0.22874 0.23811
0.35261 0.03783 0.03306 0.38261 0.00357 0.09672 0.09359
0.44014 0.03819 0.12283 0.03959 0.07775 0.17625 0.10524
0.09405 0.07011 0.31623 0.05170 0.25429 0.09893 0.11470
0.24478 0.07528 0.06099 0.14058 0.01931 0.31799 0.14107
0.01366 0.27876 0.06043 0.05300 0.06320 0.43957 0.09137
0.08239 0.02317 0.19938 0.10978 0.14808 0.10007 0.33713
0.01821 0.12162 0.04515 0.03601 0.29403 0.16893 0.31604
0.16459 0.20808 0.05781 0.25397 0.04318 0.10621 0.16616
0.03801 0.07955 0.39882 0.09578 0.02424 0.18409 0.17950
0.06487 0.05968 0.25968 0.08882 0.06806 0.16363 0.29526
0.14605 0.12418 0.16744 0.08549 0.18902 0.16365 0.12417
0.05724 0.20049 0.04376 0.04220 0.23489 0.24780 0.17361
0.04744 0.12203 0.15880 0.14682 0.05772 0.35335 0.11385
0.07229 0.10685 0.21772 0.03260 0.14290 0.19968 0.22797
0.07570 0.28976 0.12246 0.07089 0.05039 0.07952 0.31128
0.05382 0.15392 0.07970 0.12086 0.12281 0.28805 0.18084
0.05764 0.11648 0.18100 0.26011 0.03460 0.19100 0.15917
0.09120 0.06956 0.41567 0.14228 0.04532 0.10665 0.12933
0.09878 0.04644 0.22273 0.25927 0.02159 0.17415 0.17704
0.07363 0.13073 0.54633 0.08510 0.01396 0.04818 0.10207
0.49843 0.13823 0.09348 0.12590 0.01255 0.06485 0.06656
0.05586 0.12640 0.14983 0.46702 0.05732 0.06431 0.07926
0.16993 0.16641 0.15547 0.14844 0.10507 0.03357 0.22110
0.06175 0.06993 0.09987 0.55187 0.02289 0.11513 0.07855
0.01919 0.21286 0.07284 0.04407 0.11198 0.44222 0.09684
0.05500 0.11683 0.25564 0.13854 0.01668 0.30915 0.10816
0.08791 0.08387 0.18035 0.21987 0.02810 0.34253 0.05737
0.11580 0.24845 0.12346 0.36821 0.03249 0.03593 0.07566
0.06596 0.12349 0.09728 0.13570 0.08217 0.31669 0.17871
0.10154 0.28927 0.04057 0.25351 0.04759 0.16278 0.10474
0.00487 0.02449 0.02122 0.00613 0.90764 0.00923 0.02643
0.32119 0.07305 0.03614 0.08034 0.15477 0.23293 0.10158
0.12938 0.04709 0.34000 0.13682 0.00598 0.20854 0.13220
0.11752 0.17918 0.05522 0.41293 0.01256 0.04991 0.17269
0.05163 0.27367 0.33490 0.05085 0.15174 0.05866 0.07856
0.06854 0.21262 0.24618 0.12856 0.12563 0.09279 0.12567
