# Country Folk Indie Jazz Metal Pop Rock
0.00000 0.00001 0.52725 0.00000 0.00000 0.00012 0.47261
0.28540 0.67545 0.00000 0.00339 0.00003 0.02833 0.00740
0.05586 0.00272 0.00012 0.70390 0.00003 0.08507 0.15231
0.00002 0.00000 0.00000 0.96657 0.00000 0.02866 0.00475
0.00000 0.00000 0.00000 0.00989 0.00000 0.00006 0.99005
0.01186 0.00004 0.00017 0.70480 0.00005 0.10184 0.18125
0.00105 0.00000 0.00265 0.03344 0.00057 0.14833 0.81396
0.00496 0.00000 0.00000 0.93424 0.00000 0.04910 0.01169
0.00018 0.00002 0.00769 0.00042 0.00010 0.12545 0.86615
0.04089 0.00001 0.00146 0.00001 0.00006 0.00392 0.95365
0.00000 0.00000 0.00000 0.00000 0.00000 0.00146 0.99854
0.00000 0.00000 0.00000 0.00000 0.00000 0.00000 1.00000
0.00034 0.00003 0.00719 0.00058 0.00386 0.01173 0.97626
0.00000 0.00000 0.00002 0.00001 0.00002 0.00019 0.99976
0.00007 0.00033 0.00048 0.00121 0.00004 0.00033 0.99754
0.00000 0.00000 0.00108 0.00001 0.00000 0.00008 0.99884
0.34142 0.01314 0.00934 0.24350 0.00450 0.11494 0.27317
0.00002 0.06307 0.02223 0.00014 0.00038 0.00195 0.91220
0.79902 0.00004 0.00000 0.01622 0.00000 0.12058 0.06412
0.00000 0.00000 0.00022 0.00021 0.00000 0.19821 0.80136
0.00000 0.00001 0.16509 0.00000 0.00002 0.00033 0.83455
0.00000 0.00000 0.00000 0.00000 0.00000 0.00007 0.99993
0.02364 0.00279 0.00011 0.73408 0.00002 0.17531 0.06406
0.00005 0.00010 0.00793 0.00003 0.00047 0.00142 0.99001
0.00389 0.00012 0.00721 0.01274 0.00340 0.19806 0.77458
0.04187 0.00000 0.00000 0.00020 0.00000 0.88732 0.07061
0.00002 0.00003 0.00034 0.00000 0.00000 0.00002 0.99958
0.11956 0.00031 0.00002 0.25683 0.00002 0.40883 0.21443
0.00008 0.00034 0.22117 0.00020 0.00001 0.00487 0.77333
0.00008 0.00001 0.08370 0.00001 0.00167 0.00123 0.91329
0.00000 0.00000 0.00003 0.00578 0.00000 0.12086 0.87333
0.00006 0.00002 0.00842 0.00008 0.00573 0.00322 0.98247
0.02197 0.00002 0.00186 0.10686 0.00034 0.03831 0.83065
0.00000 0.00000 0.01104 0.00013 0.00040 0.00612 0.98230
0.00015 0.00000 0.00580 0.00267 0.00001 0.00550 0.98586
0.00000 0.00000 0.00000 0.00000 0.00000 0.00000 1.00000
0.00006 0.00019 0.39061 0.00018 0.00002 0.03612 0.57282
0.00328 0.00002 0.00058 0.00007 0.00013 0.01440 0.98151
0.12317 0.00094 0.01187 0.09206 0.00019 0.05748 0.71428
0.00000 0.00003 0.20235 0.00000 0.00000 0.01287 0.78475
0.00002 0.00140 0.02788 0.00000 0.00320 0.00232 0.96518
0.00000 0.00001 0.08925 0.00004 0.00004 0.00080 0.90986
0.00192 0.00817 0.15324 0.00285 0.00050 0.03371 0.79960
0.00086 0.00000 0.00000 0.23559 0.00000 0.12659 0.63696
0.00564 0.00099 0.12863 0.01021 0.00505 0.39149 0.45798
0.00333 0.00000 0.00008 0.04396 0.00051 0.76271 0.18941
0.00022 0.00016 0.05110 0.00380 0.01499 0.02302 0.90671
0.00334 0.00005 0.03940 0.00001 0.00000 0.00729 0.94992
0.00015 0.00000 0.01237 0.00100 0.00005 0.00703 0.97939
0.00003 0.00000 0.00000 0.00000 0.00000 0.00027 0.99970
0.01497 0.00000 0.00000 0.71529 0.00000 0.17765 0.09209
0.34676 0.00008 0.00096 0.08767 0.00010 0.10753 0.45690
0.02222 0.00025 0.00328 0.38230 0.00006 0.11649 0.47540
0.02218 0.00393 0.03152 0.00428 0.00212 0.18849 0.74748
0.02059 0.00138 0.01324 0.01217 0.00003 0.30601 0.64658
0.00003 0.00001 0.00078 0.00115 0.46390 0.02300 0.51114
0.00003 0.00006 0.11852 0.00016 0.00049 0.00219 0.87855
0.00392 0.00157 0.13791 0.00271 0.01033 0.03704 0.80653
0.00199 0.00273 0.07361 0.00025 0.00019 0.02583 0.89541
0.00000 0.00000 0.00025 0.00003 0.00000 0.00006 0.99966
0.07055 0.00003 0.00002 0.01584 0.00001 0.08506 0.82848
0.00959 0.00000 0.00000 0.00000 0.00000 0.00000 0.99041
0.25785 0.04382 0.09536 0.01538 0.05664 0.06974 0.46120
0.00000 0.00000 0.24269 0.00005 0.00010 0.00152 0.75563
0.00697 0.00009 0.00034 0.03224 0.18539 0.01541 0.75955
0.06014 0.03270 0.04429 0.02505 0.10353 0.20012 0.53416
0.00214 0.00110 0.01346 0.03329 0.00159 0.37255 0.57587
0.14495 0.00194 0.00147 0.30248 0.00030 0.08279 0.46609
0.00008 0.00044 0.16889 0.14368 0.00001 0.32765 0.35925
0.00719 0.00000 0.00000 0.85025 0.00000 0.12202 0.02053
0.00000 0.00000 0.00008 0.00011 0.00001 0.00013 0.99967
0.00000 0.00000 0.06829 0.00000 0.00000 0.00002 0.93168
0.00020 0.00442 0.28075 0.00019 0.00007 0.00308 0.71130
0.00046 0.00000 0.00046 0.00047 0.00006 0.00213 0.99641
0.00106 0.00384 0.37420 0.00005 0.00282 0.00844 0.60959
0.04613 0.00004 0.00031 0.51775 0.00004 0.08830 0.34743
0.79611 0.00563 0.00092 0.00164 0.00097 0.02252 0.17220
0.05027 0.00000 0.00000 0.00070 0.00000 0.00443 0.94459
0.00000 0.00000 0.00017 0.00000 0.00002 0.00003 0.99978
0.00000 0.00000 0.00039 0.00000 0.00000 0.00014 0.99947
0.00000 0.00004 0.40386 0.00000 0.00000 0.03019 0.56591
0.00996 0.00007 0.00005 0.09577 0.00686 0.24597 0.64131
0.00011 0.00000 0.03105 0.69513 0.00000 0.11774 0.15596
0.00000 0.00000 0.00001 0.00000 0.00000 0.00002 0.99998
0.00022 0.00042 0.01627 0.00000 0.00000 0.00045 0.98263
0.00006 0.00000 0.00005 0.00098 0.00016 0.00007 0.99869
0.00000 0.00000 0.00010 0.00000 0.00000 0.00024 0.99966
0.00802 0.00683 0.05450 0.00148 0.00996 0.01478 0.90444
0.00003 0.00000 0.00000 0.26901 0.00000 0.00020 0.73076
0.00017 0.00000 0.00003 0.00031 0.00000 0.01412 0.98536
0.01528 0.00546 0.01289 0.08305 0.06620 0.14575 0.67138
0.00061 0.00095 0.12388 0.01362 0.00081 0.56814 0.29199
0.00000 0.00000 0.00000 0.00002 0.00000 0.99854 0.00144
0.32689 0.00012 0.00025 0.11003 0.00008 0.17582 0.38682
0.01165 0.00000 0.00000 0.75649 0.00000 0.18019 0.05167
0.00001 0.00004 0.00524 0.00000 0.00018 0.00010 0.99441
0.01879 0.00010 0.00010 0.80564 0.00003 0.08260 0.09275
0.00006 0.00000 0.00008 0.00001 0.00000 0.01269 0.98716
0.08448 0.00032 0.00209 0.02178 0.01251 0.06388 0.81495
0.03520 0.00006 0.00152 0.03673 0.00071 0.13380 0.79197
0.00010 0.00000 0.00277 0.00000 0.00000 0.00004 0.99708
0.00613 0.00088 0.00140 0.45664 0.00005 0.17321 0.36169
0.00000 0.00000 0.00007 0.00000 0.00000 0.00000 0.99993
0.00000 0.00000 0.00000 0.00000 0.00000 0.00604 0.99396
0.00000 0.00000 0.00010 0.00000 0.00000 0.00000 0.99990
0.01134 0.00003 0.00033 0.01063 0.00109 0.77238 0.20420
0.00012 0.00000 0.00508 0.00014 0.00000 0.00735 0.98731
0.09393 0.00000 0.00027 0.00023 0.00000 0.10742 0.79814
0.00104 0.00000 0.00014 0.00033 0.00000 0.00083 0.99765
0.00044 0.00116 0.03710 0.00003 0.00001 0.00856 0.95268
0.00005 0.00000 0.00001 0.00000 0.00000 0.00002 0.99992
0.00058 0.00015 0.00315 0.00225 0.00096 0.16828 0.82464
0.00000 0.00000 0.05540 0.00035 0.00000 0.03382 0.91043
0.00000 0.00003 0.06999 0.00001 0.00000 0.02888 0.90110
0.00026 0.00000 0.00000 0.00033 0.00001 0.00026 0.99914
0.00000 0.00002 0.00492 0.00000 0.00000 0.00001 0.99505
0.00030 0.00002 0.04774 0.00001 0.00016 0.00169 0.95008
0.00001 0.00412 0.49571 0.00001 0.00001 0.00109 0.49905
0.00000 0.00002 0.02172 0.00007 0.00007 0.00066 0.97745
0.00033 0.03765 0.00155 0.00029 0.00002 0.44559 0.51458
0.00017 0.00004 0.09223 0.00000 0.00000 0.00305 0.90452
0.00003 0.03779 0.92078 0.00009 0.00050 0.02294 0.01786
0.00002 0.00000 0.00000 0.00008 0.00000 0.00191 0.99798
0.00000 0.00000 0.00000 0.00000 0.00000 0.00036 0.99964
0.00689 0.00000 0.00000 0.91028 0.00000 0.04850 0.03433
0.00082 0.00000 0.00022 0.15032 0.00001 0.03401 0.81461
0.00008 0.00000 0.00131 0.05124 0.00001 0.08779 0.85957
0.00000 0.00000 0.00000 0.00000 0.00000 0.00001 0.99999
0.00018 0.00000 0.00000 0.95125 0.00000 0.03132 0.01724
0.00017 0.00004 0.14646 0.00024 0.00053 0.00422 0.84834
0.00017 0.00000 0.00041 0.00003 0.00013 0.00008 0.99919
0.05104 0.00433 0.39146 0.00203 0.01356 0.06554 0.47204
0.00346 0.00056 0.20907 0.00844 0.01259 0.15897 0.60691
0.00000 0.00002 0.00699 0.00050 0.00000 0.26085 0.73164
0.00000 0.00001 0.00307 0.00000 0.00028 0.00010 0.99655
0.75196 0.00718 0.00135 0.03404 0.00149 0.04859 0.15538
0.00000 0.00000 0.05484 0.00000 0.00000 0.00102 0.94414
0.00559 0.00000 0.00000 0.85081 0.00000 0.08153 0.06207
0.00423 0.00004 0.00038 0.00056 0.00002 0.01020 0.98457
0.00006 0.00000 0.00063 0.00000 0.00000 0.00009 0.99922
0.00008 0.00002 0.00022 0.00059 0.02391 0.00389 0.97129
0.00000 0.00000 0.54218 0.00000 0.00000 0.00005 0.45777
0.00003 0.00294 0.42862 0.00084 0.00411 0.07297 0.49050
0.01613 0.00015 0.03140 0.00100 0.00006 0.04598 0.90527
0.00854 0.00000 0.00002 0.82781 0.00000 0.00356 0.16007
0.00001 0.00000 0.00012 0.00026 0.00029 0.98555 0.01377
0.01125 0.00002 0.00020 0.00791 0.00040 0.00032 0.97989
0.00000 0.00000 0.00060 0.00000 0.00007 0.00001 0.99932
0.00027 0.00000 0.00003 0.06496 0.00003 0.63956 0.29515
0.09067 0.00005 0.00056 0.00028 0.00004 0.00499 0.90341
0.00000 0.00000 0.00006 0.00000 0.00000 0.00002 0.99993
0.00070 0.00001 0.00089 0.00577 0.00013 0.90343 0.08907
0.00000 0.00008 0.08963 0.00000 0.00001 0.00760 0.90267
0.00050 0.00251 0.20741 0.00011 0.00121 0.00680 0.78147
0.00001 0.00567 0.33456 0.00000 0.00000 0.00075 0.65901
0.00042 0.00115 0.16844 0.00053 0.00043 0.01174 0.81730
0.00000 0.00000 0.00001 0.00000 0.00000 0.00032 0.99967
0.01063 0.00002 0.00029 0.00476 0.00114 0.02475 0.95841
0.00793 0.00001 0.00030 0.00019 0.00000 0.00544 0.98614
0.00000 0.00000 0.04410 0.00000 0.00000 0.00000 0.95589
0.13698 0.01732 0.00163 0.08706 0.00001 0.28349 0.47352
0.00004 0.00006 0.11003 0.00005 0.00008 0.00113 0.88862
0.00000 0.00000 0.00008 0.00000 0.00000 0.00000 0.99992
0.00010 0.00000 0.00010 0.00000 0.00000 0.00414 0.99565
0.00000 0.00000 0.00000 0.00000 0.00000 0.00020 0.99980
0.00131 0.00001 0.00116 0.06733 0.00022 0.15398 0.77599
0.01302 0.00000 0.00028 0.00000 0.00000 0.00051 0.98618
0.00099 0.00000 0.00112 0.00327 0.00001 0.15139 0.84322
0.06814 0.00000 0.00000 0.00140 0.00041 0.00038 0.92967
0.00022 0.00013 0.03224 0.00220 0.00024 0.34819 0.61679
0.00000 0.00000 0.00009 0.00000 0.00000 0.00021 0.99970
0.00000 0.00000 0.00757 0.00004 0.00005 0.04886 0.94349
0.00002 0.00000 0.00062 0.97135 0.00000 0.01474 0.01327
0.00000 0.00000 0.00001 0.00001 0.00000 0.97531 0.02466
0.00004 0.00102 0.01262 0.00008 0.00001 0.00247 0.98376
0.00001 0.00004 0.11242 0.00001 0.00011 0.02267 0.86474
0.00504 0.00000 0.00000 0.90409 0.00000 0.06612 0.02475
0.19533 0.02487 0.00084 0.52554 0.00088 0.16740 0.08514
0.01262 0.00000 0.00000 0.00099 0.00001 0.00057 0.98582
0.00004 0.00000 0.00264 0.00047 0.00000 0.40533 0.59152
0.00000 0.00000 0.05903 0.00013 0.00001 0.00132 0.93949
0.00005 0.00045 0.01189 0.00196 0.00182 0.07312 0.91070
0.09127 0.01978 0.01714 0.05561 0.01026 0.18096 0.62498
0.00000 0.00000 0.00000 0.00000 0.00000 0.15926 0.84074
0.00000 0.00000 0.04148 0.00001 0.00001 0.00745 0.95105
0.00000 0.00000 0.00000 0.00000 0.00000 0.00000 1.00000
0.02344 0.00027 0.03147 0.01217 0.00316 0.07056 0.85893
0.00085 0.00951 0.13934 0.00141 0.00016 0.42642 0.42232
0.00012 0.00085 0.65092 0.00028 0.00006 0.03293 0.31482
0.00001 0.00004 0.00636 0.00005 0.00550 0.00056 0.98749
0.72413 0.00048 0.00061 0.00648 0.00033 0.02674 0.24123
0.00147 0.00000 0.00183 0.00480 0.00015 0.76667 0.22508
0.01665 0.00018 0.00132 0.00114 0.00770 0.00229 0.97072
0.00001 0.00017 0.01527 0.00035 0.00425 0.00829 0.97166
0.06710 0.00151 0.06025 0.00042 0.01812 0.07431 0.77829
0.00002 0.00375 0.74424 0.00088 0.00015 0.16497 0.08599
0.00053 0.00000 0.00019 0.01152 0.00000 0.18417 0.80359
0.00000 0.00000 0.00018 0.00000 0.00000 0.00015 0.99967
0.00006 0.01736 0.03251 0.00298 0.00000 0.24024 0.70684
0.00524 0.00001 0.00000 0.78834 0.00000 0.19544 0.01099
0.00022 0.00124 0.00406 0.00085 0.00670 0.00641 0.98052
0.00000 0.00000 0.00004 0.00000 0.00001 0.00018 0.99977
0.00000 0.00000 0.00022 0.00000 0.00000 0.00000 0.99977
0.04262 0.00015 0.00656 0.02879 0.00005 0.03508 0.88677
0.00361 0.00001 0.00084 0.00123 0.00119 0.04036 0.95277
0.00015 0.00004 0.01800 0.00065 0.00157 0.01552 0.96407
0.00599 0.00003 0.00000 0.92487 0.00000 0.05285 0.01625
0.01081 0.00000 0.00000 0.74122 0.00000 0.08448 0.16349
0.00655 0.00009 0.00222 0.61842 0.00013 0.06243 0.31015
0.00000 0.00000 0.01628 0.00002 0.00000 0.00021 0.98349
0.00001 0.00004 0.30683 0.00000 0.00001 0.00424 0.68886
0.00000 0.00000 0.00006 0.00001 0.00000 0.00009 0.99985
0.00000 0.00000 0.00000 0.00000 0.00000 0.00000 1.00000
0.03678 0.00004 0.01873 0.00096 0.00001 0.16769 0.77579
0.00000 0.00000 0.00000 0.00000 0.00000 0.00004 0.99995
0.17876 0.00258 0.02865 0.04470 0.01585 0.14804 0.58142
0.06622 0.00001 0.00013 0.02308 0.00127 0.18904 0.72027
0.06643 0.01861 0.18733 0.05688 0.09289 0.16639 0.41146
0.00000 0.00000 0.00000 0.00002 0.00000 0.00003 0.99995
0.00000 0.00000 0.00412 0.00001 0.00001 0.00888 0.98698
0.03456 0.01620 0.04954 0.14515 0.00490 0.57895 0.17071
0.00000 0.00000 0.00559 0.00000 0.00000 0.00001 0.99441
0.00035 0.00000 0.00056 0.00000 0.00003 0.00018 0.99886
0.00001 0.00000 0.00979 0.00021 0.00000 0.00059 0.98941
0.00000 0.00075 0.79950 0.00042 0.00002 0.04500 0.15430
0.00006 0.00138 0.01229 0.00078 0.00006 0.00303 0.98239
0.00112 0.00001 0.00399 0.02582 0.01357 0.01376 0.94174
0.00007 0.00000 0.01198 0.02686 0.00000 0.31630 0.64479
0.49484 0.00645 0.00180 0.00195 0.00005 0.23334 0.26156
0.00000 0.00000 0.00261 0.00584 0.00777 0.00142 0.98236
0.17534 0.00207 0.00243 0.48237 0.00009 0.11581 0.22188
0.00000 0.00000 0.00000 0.99982 0.00000 0.00013 0.00005
0.02977 0.00032 0.00008 0.83172 0.00004 0.08502 0.05306
0.00002 0.00007 0.07309 0.00010 0.00004 0.00533 0.92135
0.00000 0.00000 0.00000 0.00000 0.00000 0.00000 1.00000
0.00663 0.00028 0.00536 0.43025 0.00000 0.07724 0.48024
0.00970 0.00043 0.00863 0.00144 0.00033 0.04285 0.93662
0.00000 0.00000 0.00185 0.00000 0.00000 0.00003 0.99811
0.15129 0.02294 0.10053 0.01925 0.00236 0.11664 0.58699
0.00303 0.01910 0.28247 0.00103 0.00060 0.01599 0.67778
0.00000 0.00000 0.00000 0.00000 0.00000 0.00042 0.99958
0.12635 0.00522 0.00046 0.55493 0.00107 0.17933 0.13264
0.00010 0.00302 0.10242 0.00000 0.00001 0.18317 0.71127
0.00000 0.00000 0.00567 0.00001 0.00009 0.00320 0.99103
0.00127 0.00143 0.00987 0.00138 0.00001 0.07037 0.91567
0.00001 0.08396 0.17399 0.00009 0.00001 0.37658 0.36538
0.01155 0.01471 0.09245 0.04448 0.04907 0.10655 0.68120
0.00000 0.00000 0.00088 0.00000 0.00046 0.00018 0.99848
0.00000 0.00000 0.04423 0.00001 0.00002 0.00637 0.94937
0.00000 0.00000 0.00083 0.00000 0.00005 0.00010 0.99902
0.00047 0.00072 0.08648 0.00008 0.00111 0.00578 0.90535
0.00002 0.00000 0.00022 0.00000 0.00000 0.00001 0.99975
0.00000 0.00000 0.00291 0.01138 0.00023 0.02626 0.95922
0.00000 0.00000 0.00004 0.00044 0.00002 0.48182 0.51768
0.00918 0.00197 0.00729 0.06120 0.00113 0.37087 0.54836
0.06598 0.00844 0.03827 0.00409 0.00463 0.43305 0.44554
0.00000 0.00000 0.00003 0.00000 0.00000 0.00000 0.99997
0.00001 0.00001 0.04009 0.00000 0.00000 0.01095 0.94894
0.00002 0.00001 0.01551 0.00712 0.00001 0.58147 0.39587
0.05540 0.00042 0.00176 0.67844 0.00062 0.07504 0.18831
0.00011 0.00001 0.00033 0.02897 0.00006 0.00145 0.96908
0.00007 0.00000 0.00007 0.00012 0.06173 0.00039 0.93762
0.00002 0.00042 0.00157 0.05116 0.00002 0.06443 0.88239
0.00205 0.00000 0.00000 0.86661 0.00000 0.11260 0.01875
0.00037 0.00001 0.02149 0.00222 0.00117 0.02068 0.95405
0.00003 0.00044 0.00450 0.00002 0.00005 0.01065 0.98431
0.00192 0.00000 0.00000 0.86259 0.00000 0.05565 0.07983
0.03567 0.00004 0.00090 0.07084 0.00006 0.13066 0.76183
0.02232 0.00023 0.00258 0.02001 0.00009 0.02684 0.92794
0.01485 0.01209 0.03443 0.13175 0.00082 0.13890 0.66716
0.00007 0.00000 0.00000 0.98318 0.00000 0.01195 0.00480
0.03158 0.04786 0.00936 0.24455 0.02887 0.44675 0.19104
0.02712 0.00010 0.00006 0.86969 0.00003 0.04408 0.05892
0.01286 0.00007 0.00384 0.00553 0.00001 0.09774 0.87996
0.00000 0.00000 0.00346 0.00059 0.00751 0.07313 0.91530
0.29739 0.01126 0.00016 0.03855 0.00019 0.04954 0.60290
0.00067 0.00217 0.01353 0.00126 0.00004 0.19798 0.78436
0.03865 0.00003 0.00000 0.87655 0.00000 0.06655 0.01822
0.00012 0.00007 0.18393 0.00008 0.00003 0.00243 0.81335
0.00533 0.00000 0.00000 0.00019 0.00000 0.00319 0.99129
0.00000 0.00000 0.00002 0.00000 0.00030 0.00071 0.99897
0.00000 0.00000 0.00014 0.00000 0.00000 0.00000 0.99985
0.00000 0.00000 0.04685 0.00000 0.00000 0.00466 0.94849
0.13812 0.00000 0.00000 0.01039 0.00022 0.00311 0.84815
0.06596 0.00000 0.00003 0.05919 0.00253 0.50977 0.36251
0.00000 0.00029 0.00740 0.00015 0.00009 0.70526 0.28681
0.45684 0.00414 0.00066 0.04903 0.01463 0.17059 0.30411
0.05197 0.00000 0.00003 0.00304 0.00001 0.00227 0.94268
0.09856 0.00053 0.01886 0.00022 0.00422 0.01665 0.86096
0.00000 0.00000 0.00072 0.00038 0.00000 0.04170 0.95719
0.00000 0.00000 0.00000 0.00009 0.00000 0.01567 0.98424
0.00000 0.00000 0.00376 0.00002 0.00007 0.00052 0.99563
0.00800 0.20417 0.40385 0.00105 0.00271 0.05337 0.32684
0.00015 0.00000 0.00961 0.00011 0.00000 0.02295 0.96718
0.00000 0.00000 0.18861 0.00000 0.00000 0.00011 0.81128
0.04112 0.00023 0.00012 0.04572 0.00016 0.34096 0.57168
0.00000 0.00000 0.00309 0.00000 0.00001 0.00055 0.99635
0.00001 0.00008 0.26080 0.00194 0.00014 0.12972 0.60731
0.00000 0.00000 0.00055 0.00000 0.00000 0.00015 0.99930
0.00000 0.00000 0.00004 0.00000 0.00000 0.00004 0.99993
0.01930 0.00252 0.20183 0.03632 0.00242 0.16441 0.57321
0.86929 0.00026 0.00044 0.00001 0.00005 0.00769 0.12226
0.00000 0.00001 0.00332 0.00002 0.00093 0.00089 0.99483
0.00487 0.00125 0.25795 0.02365 0.00025 0.04010 0.67193
0.24521 0.00379 0.00013 0.61614 0.00014 0.08513 0.04946
0.00000 0.00000 0.03288 0.00000 0.00001 0.00192 0.96518
0.02240 0.00230 0.02228 0.11421 0.00138 0.41709 0.42034
0.00000 0.00003 0.01342 0.00006 0.00090 0.01280 0.97279
0.00024 0.00002 0.02730 0.00100 0.00001 0.03980 0.93162
0.00000 0.00001 0.00283 0.00002 0.00003 0.58525 0.41186
0.00579 0.00225 0.00294 0.00288 0.02701 0.02024 0.93888
0.00007 0.00029 0.00034 0.00011 0.00002 0.00080 0.99837
0.32636 0.00963 0.02850 0.00651 0.00346 0.27501 0.35054
0.00000 0.00338 0.96149 0.00000 0.00000 0.00008 0.03504
0.00599 0.00063 0.17078 0.01574 0.00435 0.07090 0.73161
0.00000 0.00000 0.00127 0.00000 0.00023 0.00052 0.99797
0.00662 0.00000 0.00002 0.72613 0.00000 0.12947 0.13775
0.00196 0.00000 0.00072 0.00040 0.00001 0.00859 0.98831
0.00184 0.00004 0.01719 0.00474 0.00152 0.23180 0.74287
0.11226 0.01012 0.06805 0.00542 0.02896 0.15620 0.61898
0.00556 0.00024 0.00123 0.01243 0.00045 0.83857 0.14152
0.00194 0.00249 0.04688 0.01603 0.00012 0.67853 0.25401
0.00094 0.00000 0.00000 0.64435 0.00000 0.20481 0.14989
0.00114 0.00236 0.46752 0.00012 0.00056 0.01341 0.51489
0.00017 0.00292 0.73554 0.00030 0.00377 0.01800 0.23930
0.06983 0.21513 0.07429 0.12228 0.00861 0.24327 0.26660
0.00792 0.00027 0.00119 0.81026 0.00004 0.06056 0.11977
0.15371 0.11293 0.00048 0.29399 0.00173 0.34636 0.09080
0.00002 0.00188 0.87580 0.00000 0.00001 0.00294 0.11935
0.15101 0.00106 0.03502 0.00603 0.00440 0.04090 0.76158
0.00007 0.00000 0.00306 0.00002 0.00007 0.00432 0.99247
0.00069 0.00001 0.00027 0.61747 0.00001 0.07170 0.30984
0.86001 0.00042 0.00000 0.00078 0.00000 0.01575 0.12303
0.00007 0.00000 0.00000 0.98958 0.00000 0.00896 0.00138
0.02241 0.00291 0.00373 0.00508 0.00054 0.00932 0.95600
0.00000 0.00000 0.00000 0.00009 0.00000 0.00214 0.99777
0.55463 0.01430 0.00004 0.28461 0.00012 0.06617 0.08012
0.00142 0.00002 0.01830 0.00011 0.00011 0.00278 0.97726
0.00003 0.00002 0.04640 0.00001 0.00004 0.00175 0.95176
0.00019 0.00005 0.00022 0.00040 0.00001 0.00717 0.99196
0.03968 0.00022 0.00103 0.41140 0.00009 0.28109 0.26647
0.71742 0.00056 0.00000 0.18121 0.00001 0.05089 0.04992
0.01299 0.00000 0.00000 0.00099 0.00000 0.00058 0.98543
0.13561 0.02576 0.00943 0.11569 0.01424 0.37511 0.32416
0.07476 0.00026 0.00001 0.34551 0.00069 0.13953 0.43924
0.00002 0.00000 0.00027 0.00000 0.00000 0.00015 0.99956
0.28064 0.00073 0.00000 0.58930 0.00001 0.07786 0.05145
0.00649 0.00189 0.00040 0.78929 0.00012 0.05982 0.14199
0.00000 0.00000 0.00310 0.00000 0.00000 0.00004 0.99686
0.00231 0.04056 0.38501 0.00046 0.00877 0.08091 0.48198
0.00000 0.00000 0.00000 0.00000 0.00000 0.00000 1.00000
0.00468 0.00000 0.00016 0.16696 0.00000 0.39977 0.42842
0.01299 0.00077 0.00968 0.13051 0.01475 0.11280 0.71851
0.00000 0.00000 0.00051 0.00111 0.00000 0.01611 0.98227
0.00000 0.00000 0.00097 0.00000 0.00000 0.00000 0.99903
0.00000 0.00000 0.01962 0.00014 0.00000 0.00347 0.97676
0.00014 0.00140 0.00943 0.00101 0.00062 0.05542 0.93198
0.00000 0.00000 0.00020 0.00001 0.00002 0.00044 0.99932
0.00000 0.00000 0.00001 0.00000 0.00005 0.00001 0.99994
0.00006 0.00001 0.00001 0.02294 0.00000 0.87224 0.10475
0.40847 0.00454 0.00240 0.25522 0.00067 0.14151 0.18719
0.06596 0.00519 0.05353 0.00116 0.00000 0.17239 0.70176
0.09140 0.01641 0.01600 0.07850 0.00236 0.20595 0.58937
0.00002 0.00000 0.00000 0.99760 0.00000 0.00162 0.00077
0.02155 0.00000 0.00001 0.00106 0.00124 0.00185 0.97429
0.00588 0.11617 0.67641 0.00673 0.01419 0.06404 0.11658
0.00008 0.00004 0.04794 0.00000 0.00002 0.00671 0.94521
0.02311 0.00023 0.00654 0.02549 0.00040 0.10365 0.84058
0.00000 0.00000 0.00000 0.00000 0.00000 0.00000 1.00000
0.05196 0.00105 0.00737 0.23747 0.00019 0.16925 0.53270
0.00000 0.00000 0.00003 0.00000 0.00000 0.00002 0.99995
0.03846 0.00026 0.00958 0.00009 0.00004 0.00990 0.94168
0.00000 0.00008 0.00007 0.00172 0.27928 0.01034 0.70852
0.00002 0.00000 0.04418 0.00008 0.00000 0.00053 0.95519
0.07073 0.00459 0.05073 0.00408 0.03158 0.25351 0.58478
0.00071 0.00015 0.01516 0.00263 0.00001 0.01188 0.96945
0.00060 0.00000 0.00000 0.00000 0.00000 0.00000 0.99940
0.00870 0.00000 0.00001 0.00000 0.00000 0.00304 0.98826
0.00000 0.00000 0.00001 0.00000 0.00000 0.00019 0.99981
0.00032 0.00013 0.01086 0.00448 0.02744 0.37034 0.58642
0.66309 0.00001 0.00033 0.00006 0.00000 0.00799 0.32851
0.00586 0.00042 0.00500 0.00378 0.00126 0.00138 0.98230
0.00000 0.00000 0.00000 0.00000 0.00000 0.00001 0.99999
0.00007 0.04055 0.61036 0.00005 0.00042 0.01606 0.33249
0.00101 0.00217 0.05798 0.03434 0.00280 0.02821 0.87349
0.00001 0.00388 0.89439 0.00000 0.00000 0.00095 0.10076
0.00022 0.00000 0.00024 0.00061 0.00002 0.15497 0.84394
0.00002 0.00130 0.56185 0.00052 0.00020 0.04003 0.39610
0.00001 0.00000 0.01584 0.00027 0.00000 0.00059 0.98328
0.12825 0.00087 0.00000 0.62756 0.00002 0.21408 0.02922
0.25673 0.00008 0.00068 0.00002 0.00000 0.03655 0.70594
0.00002 0.00000 0.00262 0.00053 0.00009 0.26549 0.73125
0.12289 0.00003 0.00022 0.03183 0.00006 0.29612 0.54884
0.00021 0.00001 0.00002 0.00024 0.00000 0.00080 0.99872
0.04188 0.00040 0.00040 0.00008 0.00001 0.00748 0.94975
0.00000 0.00000 0.00210 0.00000 0.00009 0.00264 0.99517
0.00002 0.00001 0.02434 0.00005 0.00000 0.01101 0.96457
0.00000 0.00000 0.00109 0.00000 0.00000 0.00000 0.99891
0.00165 0.00001 0.00073 0.04072 0.00008 0.71200 0.24481
0.00000 0.00000 0.00012 0.00005 0.00000 0.00052 0.99930
0.00000 0.00066 0.00106 0.00064 0.00003 0.79501 0.20259
0.00113 0.00001 0.00143 0.00192 0.00085 0.21614 0.77853
0.00000 0.00000 0.02207 0.00461 0.00313 0.04131 0.92888
0.00000 0.00000 0.00043 0.00000 0.00000 0.00044 0.99913
0.57187 0.00120 0.00022 0.04022 0.00102 0.25426 0.13121
0.00298 0.00130 0.04135 0.00093 0.00010 0.01237 0.94098
0.00165 0.00049 0.56014 0.00326 0.00550 0.05954 0.36944
0.61693 0.00101 0.00275 0.00050 0.00274 0.01366 0.36242
0.04527 0.07058 0.12078 0.00793 0.00199 0.02275 0.73070
0.00011 0.00000 0.00634 0.00000 0.00000 0.00004 0.99350
0.00000 0.00006 0.00352 0.00000 0.00020 0.00312 0.99310
0.00448 0.00000 0.00000 0.95919 0.00000 0.02417 0.01216
0.00088 0.00000 0.00017 0.00000 0.00006 0.00003 0.99886
0.00000 0.00000 0.00000 0.00000 0.00000 0.06365 0.93635
0.00058 0.00000 0.00000 0.00160 0.00009 0.00087 0.99685
0.00000 0.00000 0.00724 0.00000 0.00000 0.00000 0.99275
0.00000 0.00051 0.25981 0.00001 0.00000 0.04061 0.69906
0.00000 0.00000 0.00006 0.00002 0.00000 0.00006 0.99987
0.04391 0.03282 0.04277 0.10050 0.18628 0.17945 0.41428
0.00007 0.00009 0.04842 0.00075 0.00057 0.05460 0.89551
0.00005 0.00728 0.86854 0.00503 0.00105 0.01998 0.09806
0.00000 0.00000 0.00000 0.00002 0.00000 0.97955 0.02044
0.41487 0.02755 0.00776 0.18385 0.00157 0.21695 0.14746
0.00283 0.00003 0.00801 0.00032 0.00016 0.00241 0.98623
0.00120 0.00000 0.00005 0.00159 0.00019 0.02673 0.97024
0.02891 0.00000 0.00000 0.05472 0.00000 0.00075 0.91562
0.63275 0.00603 0.00141 0.05336 0.00175 0.18061 0.12407
0.00000 0.00000 0.00283 0.00001 0.00000 0.99181 0.00534
0.01238 0.00055 0.00116 0.26081 0.00084 0.39126 0.33300
0.00000 0.00002 0.09313 0.00006 0.00001 0.00452 0.90227
0.00000 0.00000 0.00020 0.00000 0.00000 0.00003 0.99976
0.07080 0.00983 0.06840 0.07049 0.01579 0.43423 0.33047
0.00041 0.00005 0.00184 0.01333 0.08118 0.72281 0.18038
0.01273 0.00045 0.01212 0.00009 0.00066 0.04745 0.92649
0.00000 0.00000 0.00128 0.00007 0.00000 0.00015 0.99848
0.00000 0.00000 0.00028 0.00000 0.00000 0.00003 0.99968
0.37805 0.02934 0.04206 0.02940 0.00251 0.14990 0.36875
0.22881 0.00346 0.00256 0.01686 0.00039 0.21878 0.52913
0.02206 0.00964 0.10005 0.00282 0.00642 0.46924 0.38977
0.00439 0.00000 0.00000 0.95263 0.00000 0.02554 0.01744
0.26616 0.00301 0.00232 0.16266 0.00125 0.08869 0.47592
0.00000 0.00000 0.00000 0.00146 0.00000 0.00004 0.99849
0.00160 0.00001 0.00013 0.00564 0.00002 0.55397 0.43865
0.00011 0.00000 0.00000 0.98692 0.00000 0.00715 0.00583
0.00001 0.00000 0.00002 0.00999 0.00001 0.04192 0.94805
0.01243 0.00407 0.03551 0.03484 0.04740 0.07160 0.79416
0.00188 0.00004 0.00000 0.71540 0.00000 0.14012 0.14256
0.00012 0.00051 0.15024 0.00905 0.00001 0.01797 0.82210
0.00362 0.00001 0.00086 0.00006 0.00000 0.00724 0.98822
0.20052 0.00002 0.00000 0.00001 0.00047 0.00170 0.79728
0.00000 0.00000 0.00269 0.00000 0.00000 0.00001 0.99731
0.00000 0.00000 0.00097 0.00000 0.00003 0.00078 0.99823
0.00097 0.00000 0.00425 0.00038 0.00006 0.25394 0.74040
0.00000 0.00001 0.00000 0.00009 0.00207 0.00139 0.99644
0.00000 0.00000 0.00008 0.00000 0.00000 0.00000 0.99991
0.00833 0.00006 0.00150 0.00027 0.00001 0.01913 0.97071
0.05924 0.01008 0.00044 0.00020 0.00001 0.00915 0.92088
0.00098 0.00252 0.05580 0.03526 0.00165 0.03233 0.87146
0.00000 0.00030 0.00000 0.00080 0.83670 0.03985 0.12235
0.00154 0.00013 0.00544 0.01472 0.00032 0.01964 0.95821
0.00003 0.00001 0.01637 0.00000 0.00003 0.00131 0.98225
0.03141 0.00005 0.00002 0.78290 0.00003 0.11351 0.07206
0.91647 0.00022 0.00001 0.00127 0.00010 0.00371 0.07822
0.00007 0.00016 0.03570 0.00052 0.00000 0.70091 0.26264
0.00279 0.00000 0.00001 0.00052 0.00000 0.00008 0.99659
0.00018 0.00031 0.00013 0.06376 0.00000 0.27924 0.65638
0.00005 0.00001 0.00160 0.00000 0.00001 0.00004 0.99830
0.00002 0.00161 0.07462 0.00170 0.00010 0.60745 0.31450
0.00735 0.00151 0.10426 0.00372 0.00325 0.47266 0.40726
0.03383 0.00000 0.00017 0.00004 0.00002 0.01274 0.95320
0.02542 0.00173 0.02582 0.07884 0.04505 0.48819 0.33495
0.00000 0.00000 0.00002 0.00000 0.00000 0.00045 0.99953
0.24230 0.00364 0.00071 0.33282 0.00110 0.32180 0.09763
0.00066 0.06564 0.50092 0.04170 0.03034 0.24498 0.11576
0.00066 0.00079 0.04266 0.00274 0.00012 0.03938 0.91366
0.11750 0.09046 0.00576 0.28005 0.00885 0.20501 0.29237
0.00000 0.00000 0.00611 0.00000 0.00000 0.00001 0.99388
0.00003 0.00175 0.78814 0.00026 0.00306 0.00665 0.20011
0.00066 0.00001 0.00631 0.04288 0.01876 0.01629 0.91509
0.02555 0.00236 0.01752 0.03728 0.00012 0.45293 0.46423
0.00000 0.00000 0.00018 0.00000 0.00000 0.00000 0.99981
0.00000 0.00000 0.00001 0.00002 0.00006 0.00075 0.99915
0.00000 0.00000 0.00000 0.00007 0.00000 0.00017 0.99975
0.00000 0.00000 0.00000 0.00001 0.00000 0.00180 0.99819
0.09678 0.15247 0.03234 0.11684 0.00176 0.20707 0.39274
0.00025 0.00000 0.00004 0.00000 0.00000 0.00004 0.99967
0.00346 0.03309 0.03278 0.00111 0.00063 0.03960 0.88933
0.00001 0.00000 0.00211 0.00318 0.00022 0.00226 0.99220
0.01590 0.08875 0.14976 0.03173 0.00105 0.10728 0.60552
0.00000 0.00131 0.96749 0.00010 0.00003 0.00278 0.02829
0.00000 0.00000 0.00000 0.99540 0.00000 0.00039 0.00422
0.00035 0.02139 0.01161 0.00045 0.05444 0.01127 0.90049
0.00000 0.00000 0.00915 0.00000 0.00000 0.00013 0.99070
0.24222 0.00534 0.00949 0.00540 0.00219 0.03161 0.70376
0.00001 0.00000 0.00000 0.94195 0.00000 0.05530 0.00274
0.00000 0.00000 0.00001 0.00000 0.00000 0.00000 0.99998
0.01477 0.00021 0.00424 0.00098 0.00001 0.01686 0.96293
0.00359 0.00764 0.24349 0.00038 0.00037 0.06249 0.68203
0.82285 0.01336 0.00110 0.00375 0.00430 0.01995 0.13469
0.40893 0.03061 0.00129 0.30183 0.00802 0.10794 0.14137
0.00016 0.00068 0.02976 0.00066 0.00126 0.03265 0.93483
0.43394 0.00000 0.00003 0.00014 0.00003 0.30258 0.26328
0.24186 0.01045 0.00047 0.37907 0.00195 0.04038 0.32583
0.00001 0.00826 0.86565 0.00000 0.00002 0.00297 0.12309
0.00032 0.00000 0.00078 0.00000 0.00000 0.00071 0.99819
0.00002 0.00101 0.34904 0.00025 0.01745 0.01440 0.61783
0.00785 0.00010 0.00084 0.00082 0.00005 0.01353 0.97681
0.00277 0.02333 0.32652 0.00110 0.01177 0.10326 0.53125
0.00000 0.00000 0.00000 0.00000 0.00000 0.00000 1.00000
0.00117 0.00000 0.00002 0.12726 0.00003 0.49545 0.37606
0.00002 0.00014 0.01814 0.00095 0.00205 0.04436 0.93435
0.00098 0.00303 0.31969 0.00178 0.00226 0.00994 0.66231
0.03706 0.01341 0.16189 0.00072 0.00417 0.24314 0.53959
0.06184 0.01010 0.07721 0.04456 0.04741 0.11978 0.63910
0.01888 0.01954 0.00356 0.03622 0.00010 0.01873 0.90298
0.00004 0.00028 0.02192 0.00062 0.00004 0.51475 0.46234
0.00003 0.00000 0.00360 0.00000 0.00001 0.00004 0.99631
0.00000 0.00000 0.00000 0.00000 0.00001 0.00005 0.99994
0.06135 0.00166 0.00031 0.01362 0.00012 0.88749 0.03545
0.00259 0.00002 0.00023 0.04102 0.00000 0.04303 0.91311
0.05019 0.00019 0.00060 0.32895 0.00009 0.12021 0.49977
0.01157 0.00346 0.08035 0.02455 0.01416 0.29744 0.56848
0.00208 0.00001 0.00013 0.06292 0.00366 0.37158 0.55961
0.00463 0.00168 0.02254 0.13708 0.00604 0.01785 0.81018
0.00000 0.00000 0.00001 0.00109 0.00041 0.05573 0.94275
0.00172 0.00001 0.01040 0.00171 0.00026 0.03382 0.95207
0.31436 0.00093 0.00147 0.02301 0.00043 0.33931 0.32049
0.00000 0.00000 0.00000 0.00000 0.00000 0.00000 1.00000
0.00248 0.00017 0.00171 0.32857 0.00001 0.20951 0.45755
0.13822 0.00112 0.00187 0.01676 0.00027 0.05858 0.78318
0.00952 0.04211 0.53742 0.01345 0.00735 0.17274 0.21741
0.00090 0.00224 0.07747 0.00172 0.00005 0.03550 0.88211
0.00000 0.00000 0.00000 0.00000 0.00000 0.00000 1.00000
0.08606 0.00192 0.00090 0.00313 0.00000 0.03599 0.87200
0.00332 0.00039 0.39815 0.00117 0.00285 0.32321 0.27091
0.00262 0.00101 0.24376 0.00020 0.00101 0.01172 0.73968
0.00167 0.00002 0.00022 0.00010 0.00003 0.00154 0.99642
0.00000 0.00103 0.52793 0.00009 0.00011 0.00275 0.46809
0.01943 0.00012 0.01038 0.00143 0.00030 0.00862 0.95972
0.00002 0.00000 0.00251 0.00000 0.00000 0.00003 0.99744
0.00004 0.00000 0.00012 0.00018 0.00000 0.82561 0.17406
0.88893 0.00038 0.00001 0.01872 0.00001 0.03184 0.06010
0.00005 0.00000 0.00000 0.97571 0.00000 0.00786 0.01638
0.02364 0.00001 0.00040 0.00370 0.00004 0.02420 0.94801
0.28431 0.00162 0.00021 0.47074 0.00016 0.19538 0.04757
0.00048 0.00000 0.00000 0.00000 0.00000 0.00001 0.99949
0.00000 0.00000 0.00021 0.00000 0.00000 0.00000 0.99979
0.01286 0.00347 0.16071 0.01104 0.00065 0.27211 0.53917
0.00000 0.00000 0.07463 0.00000 0.00000 0.19676 0.72862
0.00000 0.00000 0.00396 0.00000 0.00000 0.24790 0.74814
0.00540 0.00000 0.00008 0.00055 0.00001 0.03637 0.95759
0.00000 0.00000 0.00000 0.00214 0.26274 0.00333 0.73179
0.00004 0.00000 0.00000 0.93833 0.00000 0.04407 0.01756
0.00000 0.00000 0.00044 0.00000 0.00000 0.00345 0.99611
0.03643 0.03294 0.07611 0.00118 0.00088 0.04861 0.80384
0.00437 0.00038 0.01167 0.00137 0.00002 0.00334 0.97884
0.00018 0.00000 0.00001 0.00000 0.00000 0.00003 0.99978
0.02543 0.00003 0.00001 0.13427 0.00002 0.01540 0.82483
0.00000 0.00000 0.00000 0.00000 0.00000 0.00000 1.00000
0.00000 0.00000 0.00000 0.00000 0.00000 0.00000 1.00000
0.00000 0.00000 0.00258 0.00001 0.00000 0.00012 0.99729
0.00000 0.00000 0.00000 0.00000 0.00000 0.00000 1.00000
0.00073 0.80120 0.05053 0.00030 0.00030 0.00418 0.14276
0.02200 0.00004 0.00006 0.84777 0.00002 0.06990 0.06021
0.00000 0.00000 0.00000 0.00000 0.52696 0.00000 0.47304
0.03992 0.00004 0.00199 0.16105 0.00249 0.10862 0.68589
0.00025 0.00380 0.46841 0.00004 0.00003 0.01090 0.51657
0.00103 0.00500 0.22683 0.00247 0.00117 0.04296 0.72053
0.00010 0.00188 0.50624 0.00005 0.00006 0.00156 0.49011
0.00002 0.00000 0.00052 0.00015 0.00001 0.00024 0.99906
0.04247 0.03187 0.04355 0.09681 0.18353 0.17924 0.42254
0.00000 0.00000 0.00000 0.00000 0.00012 0.00002 0.99986
0.00133 0.01759 0.38972 0.00024 0.00349 0.04666 0.54098
0.47846 0.00041 0.00172 0.05154 0.00017 0.14446 0.32324
0.00000 0.00000 0.06668 0.00054 0.00179 0.72028 0.21070
0.00184 0.00001 0.00060 0.56526 0.00001 0.01015 0.42214
0.00000 0.00000 0.00014 0.00002 0.00001 0.00159 0.99825
0.08076 0.00090 0.00396 0.00022 0.00001 0.04054 0.87362
0.00000 0.00000 0.00002 0.00000 0.00000 0.00040 0.99958
0.00894 0.00003 0.00056 0.07811 0.00001 0.01950 0.89285
0.00154 0.04585 0.01599 0.00917 0.00112 0.02571 0.90062
0.00001 0.00000 0.00000 0.00000 0.00000 0.00053 0.99947
0.00000 0.00001 0.03869 0.00000 0.00130 0.00017 0.95982
0.00004 0.00009 0.01198 0.04319 0.00017 0.01044 0.93408
0.00000 0.00000 0.00022 0.00001 0.00000 0.00021 0.99957
0.00000 0.00000 0.00194 0.00000 0.00000 0.00121 0.99684
0.00023 0.00004 0.04594 0.00010 0.00020 0.01530 0.93820
0.00036 0.00002 0.01559 0.00003 0.00007 0.00059 0.98333
0.00000 0.00014 0.88629 0.00000 0.00000 0.00167 0.11190
0.00000 0.00000 0.00600 0.00075 0.00002 0.09230 0.90092
0.00168 0.01498 0.33072 0.04713 0.00652 0.16071 0.43825
0.00000 0.00000 0.01146 0.00003 0.00007 0.50208 0.48636
0.00001 0.00001 0.05986 0.00020 0.00083 0.02907 0.91003
0.00750 0.00009 0.00352 0.04004 0.00000 0.02093 0.92792
0.00005 0.00000 0.00405 0.00003 0.00004 0.00536 0.99047
0.00000 0.00036 0.04202 0.00000 0.00000 0.00039 0.95722
0.00000 0.00000 0.00000 0.00000 0.00000 0.00000 1.00000
0.00224 0.00007 0.01974 0.00048 0.00002 0.02021 0.95723
0.00780 0.00018 0.02170 0.00480 0.00066 0.10563 0.85925
0.22965 0.00092 0.01026 0.00083 0.00236 0.04542 0.71056
0.00255 0.00000 0.00036 0.00024 0.00001 0.00107 0.99577
0.00427 0.00095 0.00291 0.22398 0.00006 0.50894 0.25889
0.00001 0.00000 0.01134 0.00000 0.00015 0.00027 0.98822
0.00007 0.00002 0.10121 0.00514 0.00000 0.48349 0.41006
0.74297 0.02211 0.00143 0.06166 0.00111 0.07588 0.09484
0.00000 0.00000 0.00000 0.00000 0.00000 0.00002 0.99998
0.14750 0.00000 0.00000 0.03259 0.00002 0.00546 0.81443
0.00000 0.00000 0.00000 0.00006 0.00000 0.07198 0.92795
0.00000 0.00024 0.21690 0.00000 0.00324 0.00371 0.77590
0.00002 0.00001 0.08868 0.00004 0.00001 0.00014 0.91110
0.00000 0.00014 0.84359 0.00000 0.00002 0.00084 0.15541
0.39821 0.00159 0.00539 0.00176 0.00026 0.02294 0.56983
0.00000 0.00000 0.04483 0.00000 0.00001 0.00054 0.95463
0.07177 0.00086 0.00193 0.25265 0.00042 0.39309 0.27928
0.00313 0.00006 0.00194 0.00043 0.00014 0.01823 0.97606
0.00000 0.00000 0.00017 0.00001 0.00000 0.00270 0.99712
0.05584 0.00596 0.00017 0.63453 0.00026 0.12007 0.18317
0.00000 0.00000 0.00002 0.00000 0.00000 0.00009 0.99988
0.01927 0.00018 0.00027 0.07702 0.01810 0.52290 0.36226
0.00267 0.00026 0.08900 0.00590 0.00203 0.77004 0.13009
0.00008 0.00918 0.74062 0.00032 0.00065 0.05064 0.19851
0.00000 0.00000 0.00004 0.00000 0.00000 0.00014 0.99982
0.01190 0.11002 0.06282 0.05384 0.00310 0.10715 0.65116
0.00000 0.00001 0.00003 0.00000 0.00000 0.00341 0.99654
0.00147 0.00000 0.00000 0.49892 0.00000 0.02073 0.47888
0.00000 0.00000 0.00000 0.00000 0.00000 0.00000 0.99999
0.00001 0.00035 0.00007 0.00103 0.00001 0.75488 0.24365
0.00000 0.00000 0.00434 0.00000 0.00000 0.00213 0.99353
0.00206 0.00141 0.02056 0.00007 0.00498 0.00778 0.96314
0.00003 0.00000 0.00058 0.00060 0.00002 0.00684 0.99193
0.02648 0.00007 0.00904 0.00001 0.00153 0.00971 0.95317
0.00199 0.00000 0.00067 0.00007 0.00026 0.00013 0.99687
0.00164 0.00000 0.00589 0.00012 0.00000 0.00506 0.98729
0.00521 0.00000 0.00000 0.93559 0.00000 0.04664 0.01256
0.00000 0.00008 0.12144 0.00000 0.00000 0.00125 0.87723
0.02388 0.00004 0.00004 0.81797 0.00000 0.08944 0.06863
0.00103 0.00002 0.02220 0.00032 0.00005 0.00257 0.97380
0.00001 0.00000 0.01514 0.00001 0.00000 0.00077 0.98406
0.05188 0.02292 0.06060 0.02350 0.06023 0.19526 0.58562
0.00039 0.00001 0.00141 0.00163 0.00001 0.63704 0.35952
0.12418 0.00010 0.00010 0.56852 0.00036 0.06822 0.23853
0.00000 0.00002 0.01797 0.00000 0.00000 0.00009 0.98191
0.26621 0.00409 0.00445 0.15944 0.00486 0.30267 0.25828
0.02833 0.00020 0.00059 0.35080 0.00009 0.40101 0.21897
0.88441 0.00004 0.00001 0.00002 0.00000 0.00528 0.11025
0.25288 0.00011 0.00000 0.51257 0.00001 0.13939 0.09504
0.06989 0.00071 0.00247 0.04437 0.00022 0.21661 0.66575
0.00002 0.00000 0.00017 0.08531 0.00002 0.06002 0.85447
0.00731 0.00103 0.14645 0.00258 0.01454 0.05864 0.76946
0.00316 0.00001 0.00358 0.00004 0.00000 0.05252 0.94069
0.00041 0.00001 0.00574 0.00007 0.00004 0.00442 0.98931
0.00000 0.00000 0.00001 0.00000 0.00000 0.00030 0.99969
0.00000 0.00000 0.00018 0.00001 0.00025 0.00044 0.99911
0.00000 0.00000 0.00045 0.00003 0.00001 0.00001 0.99951
0.00000 0.00007 0.08335 0.00000 0.00000 0.00087 0.91571
0.43892 0.00094 0.00023 0.14429 0.00127 0.04487 0.36949
0.00000 0.00000 0.00000 0.00000 0.00000 0.00000 1.00000
0.00000 0.00000 0.00010 0.00021 0.00000 0.00008 0.99961
0.32759 0.00229 0.00009 0.04383 0.00004 0.38280 0.24336
0.00000 0.00000 0.00042 0.00001 0.00001 0.00320 0.99636
0.00032 0.00000 0.00041 0.00008 0.00006 0.00254 0.99660
0.00109 0.00165 0.00019 0.00056 0.00034 0.02714 0.96903
0.00077 0.00000 0.00042 0.00004 0.00000 0.00550 0.99327
0.12587 0.00001 0.00001 0.05665 0.00208 0.03538 0.78000
0.00051 0.00000 0.00005 0.02523 0.00001 0.01276 0.96143
0.00018 0.00170 0.44033 0.00011 0.00000 0.09718 0.46049
0.00000 0.00000 0.00000 0.00000 0.00000 0.19370 0.80630
0.00000 0.03556 0.84731 0.00000 0.00000 0.00007 0.11706
0.00008 0.00000 0.00008 0.00000 0.00002 0.00058 0.99925
0.10023 0.00524 0.00074 0.42907 0.00139 0.39022 0.07311
0.04890 0.01288 0.26532 0.00057 0.00329 0.06027 0.60877
0.00000 0.00028 0.45120 0.00000 0.00031 0.00598 0.54223
0.00095 0.00000 0.00000 0.00000 0.00000 0.00001 0.99904
0.00000 0.00000 0.00000 0.00000 0.00000 0.00000 1.00000
0.00244 0.00000 0.00070 0.00161 0.00006 0.00370 0.99149
0.00002 0.00004 0.00003 0.00330 0.00002 0.06276 0.93382
0.04493 0.03376 0.04200 0.10083 0.19014 0.18344 0.40490
0.00798 0.00001 0.00002 0.00038 0.00000 0.03592 0.95569
0.03727 0.11246 0.13905 0.00263 0.00109 0.09201 0.61550
0.00000 0.00031 0.85529 0.00000 0.00000 0.00093 0.14348
0.00000 0.00000 0.00000 0.00000 0.00000 0.00000 1.00000
0.00577 0.00276 0.05876 0.00020 0.00582 0.02076 0.90593
0.00000 0.00035 0.62901 0.00000 0.00000 0.00063 0.37000
0.00539 0.11552 0.02005 0.00629 0.00000 0.20991 0.64283
0.00004 0.00050 0.03223 0.00017 0.00004 0.58093 0.38608
0.17092 0.00966 0.01450 0.06893 0.06590 0.05756 0.61253
0.14554 0.07632 0.09660 0.06161 0.04287 0.21156 0.36550
0.00651 0.00000 0.00000 0.34491 0.00000 0.63359 0.01498
0.00105 0.00220 0.27829 0.00045 0.00071 0.61321 0.10409
0.00000 0.00000 0.00256 0.00002 0.00000 0.18871 0.80871
0.00031 0.00006 0.02048 0.00016 0.00174 0.00419 0.97305
0.00000 0.00000 0.00414 0.00000 0.00000 0.00022 0.99564
0.00074 0.00001 0.00142 0.00785 0.02279 0.01284 0.95435
0.01410 0.00007 0.00028 0.00346 0.00033 0.58605 0.39570
0.00000 0.00000 0.00008 0.00000 0.00000 0.00001 0.99992
0.00006 0.00017 0.14679 0.04034 0.00043 0.10981 0.70240
0.00001 0.00000 0.00265 0.00004 0.00000 0.00093 0.99637
0.00000 0.00001 0.03866 0.00000 0.00000 0.00027 0.96106
0.00068 0.00000 0.00002 0.00067 0.00000 0.01612 0.98250
0.00294 0.00005 0.00277 0.00100 0.00215 0.00854 0.98254
0.01191 0.00000 0.00023 0.00228 0.00018 0.01300 0.97241
0.00058 0.00006 0.00418 0.00659 0.00100 0.01562 0.97197
0.00000 0.00000 0.00000 0.00000 0.00000 0.00000 1.00000
0.00104 0.00014 0.02576 0.00343 0.00007 0.00414 0.96543
0.00000 0.00000 0.03703 0.00000 0.00000 0.00065 0.96231
0.14997 0.00214 0.00006 0.32659 0.00066 0.39667 0.12390
0.01672 0.03729 0.60543 0.01118 0.04021 0.07388 0.21529
0.00000 0.00127 0.14276 0.00000 0.00001 0.00309 0.85286
0.24257 0.00516 0.01812 0.00135 0.00016 0.12712 0.60552
0.00000 0.00000 0.00000 0.00013 0.31546 0.00060 0.68382
0.00000 0.00000 0.00000 0.00000 0.00000 0.00000 1.00000
0.00000 0.00000 0.00065 0.00119 0.00005 0.00086 0.99724
0.00003 0.00001 0.00107 0.00001 0.00003 0.00405 0.99481
