# Country Folk Indie Jazz Metal Pop Rock
0.00211 0.00001 0.02816 0.00001 0.00768 0.00326 0.95877
0.00095 0.00333 0.10137 0.00050 0.32973 0.07818 0.48593
0.05208 0.00002 0.00004 0.56945 0.00070 0.09855 0.27917
0.00005 0.00000 0.04694 0.00002 0.09409 0.05004 0.80886
0.00584 0.00039 0.00000 0.59822 0.00001 0.34634 0.04921
0.37718 0.01824 0.00716 0.18344 0.02031 0.23083 0.16284
0.89280 0.00002 0.00000 0.00311 0.00172 0.00245 0.09990
0.00175 0.00000 0.00001 0.00003 0.04668 0.04147 0.91005
0.00125 0.00000 0.00000 0.40251 0.00001 0.14656 0.44966
0.03674 0.00004 0.00058 0.14660 0.01277 0.23207 0.57119
0.00281 0.70332 0.00995 0.01110 0.00120 0.11220 0.15943
0.00002 0.00476 0.34642 0.00005 0.25735 0.00702 0.38438
0.15909 0.00774 0.02566 0.02239 0.04607 0.29353 0.44553
0.04163 0.00038 0.00023 0.00115 0.00315 0.00419 0.94927
0.96350 0.00000 0.00000 0.02013 0.00000 0.00147 0.01489
0.88145 0.00004 0.00000 0.02149 0.00003 0.00518 0.09180
0.01902 0.00000 0.00000 0.00083 0.00134 0.02810 0.95071
0.00318 0.00267 0.00202 0.06767 0.04659 0.63987 0.23800
0.00089 0.00269 0.14624 0.00001 0.46124 0.01718 0.37176
0.47049 0.00014 0.00008 0.02967 0.02387 0.08038 0.39537
0.01297 0.00148 0.00090 0.03946 0.03102 0.77262 0.14155
0.00066 0.00438 0.00777 0.03504 0.00112 0.39461 0.55644
0.00076 0.00000 0.00000 0.24864 0.00072 0.72218 0.02770
0.00005 0.00000 0.00000 0.00000 0.00011 0.00036 0.99948
0.79706 0.00000 0.00000 0.19523 0.00000 0.00220 0.00551
0.00499 0.01040 0.11184 0.04188 0.02094 0.23423 0.57573
0.00189 0.00001 0.00039 0.04947 0.00106 0.64433 0.30285
0.05049 0.00002 0.00005 0.00111 0.00419 0.19772 0.74643
0.00438 0.00062 0.00529 0.00887 0.00163 0.04244 0.93677
0.02401 0.02823 0.13509 0.00422 0.28923 0.08260 0.43663
0.22002 0.07863 0.00185 0.15676 0.00558 0.26271 0.27445
0.00522 0.00470 0.22660 0.01942 0.01747 0.52821 0.19837
0.05942 0.02767 0.03930 0.15849 0.15516 0.38068 0.17928
0.00001 0.00001 0.00001 0.00030 0.00024 0.00372 0.99571
0.21045 0.02519 0.01643 0.01639 0.03561 0.03377 0.66218
0.00382 0.00131 0.03336 0.00563 0.59841 0.22336 0.13411
0.00005 0.00003 0.04747 0.00802 0.00503 0.19842 0.74098
0.96398 0.00001 0.00000 0.00059 0.00014 0.00301 0.03227
0.15642 0.00011 0.00025 0.02160 0.00512 0.05606 0.76043
0.00530 0.96764 0.00003 0.00001 0.00054 0.00004 0.02644
0.00008 0.00003 0.00861 0.00137 0.02986 0.40859 0.55146
0.01081 0.00000 0.00004 0.01328 0.02216 0.74341 0.21030
0.00000 0.00004 0.01384 0.00001 0.00188 0.31964 0.66460
0.02052 0.00013 0.00000 0.86437 0.00006 0.08897 0.02595
0.00002 0.00000 0.00010 0.00000 0.00128 0.00251 0.99610
0.93431 0.00005 0.00000 0.00503 0.00003 0.04169 0.01890
0.00000 0.00000 0.00000 0.00000 0.01365 0.00109 0.98526
0.00554 0.26206 0.21082 0.00676 0.03958 0.15862 0.31662
0.00078 0.00000 0.00256 0.00047 0.28303 0.04597 0.66719
0.00420 0.00060 0.01615 0.01100 0.01349 0.74368 0.21088
0.00000 0.00000 0.00000 0.00000 0.00001 0.00003 0.99996
0.01196 0.00000 0.00002 0.00296 0.00802 0.05188 0.92517
0.00004 0.00026 0.01236 0.00008 0.00006 0.05967 0.92753
0.00006 0.00020 0.02389 0.00000 0.00065 0.00389 0.97131
0.00135 0.00000 0.00026 0.00525 0.00372 0.03532 0.95410
0.01837 0.00120 0.00542 0.07757 0.05739 0.49458 0.34547
0.97791 0.00000 0.00000 0.00139 0.00000 0.00358 0.01712
0.00011 0.00000 0.00000 0.99588 0.00000 0.00292 0.00109
0.00000 0.00000 0.00000 0.00000 0.98814 0.00000 0.01186
0.25721 0.00190 0.00011 0.49856 0.00240 0.18365 0.05616
0.01627 0.00095 0.01275 0.02346 0.07689 0.76842 0.10126
0.00854 0.00473 0.00954 0.05306 0.03697 0.59497 0.29218
0.00051 0.00001 0.01217 0.00003 0.23587 0.00228 0.74912
0.00686 0.00889 0.02533 0.00183 0.27149 0.01457 0.67102
0.00608 0.00144 0.00338 0.00170 0.00640 0.88302 0.09797
0.00108 0.00000 0.00000 0.98847 0.00000 0.00958 0.00087
0.00001 0.00776 0.59219 0.00002 0.00149 0.02617 0.37237
0.02544 0.01250 0.02815 0.17178 0.10365 0.18001 0.47847
0.01356 0.00030 0.00001 0.84708 0.00013 0.07280 0.06613
0.00000 0.00006 0.05882 0.00001 0.00609 0.46534 0.46968
0.00000 0.00000 0.00019 0.00000 0.94625 0.00084 0.05273
0.99951 0.00000 0.00000 0.00002 0.00000 0.00002 0.00044
0.18284 0.00000 0.00001 0.07321 0.02285 0.03157 0.68952
0.00106 0.00001 0.00039 0.00346 0.00075 0.04278 0.95156
0.02309 0.00091 0.00021 0.18073 0.00084 0.74077 0.05346
0.00351 0.00000 0.00002 0.00004 0.00096 0.00156 0.99391
0.00637 0.00038 0.00858 0.00062 0.01278 0.02070 0.95058
0.00076 0.00002 0.00003 0.01556 0.00752 0.96015 0.01596
0.04013 0.00005 0.00001 0.83617 0.00028 0.07407 0.04929
0.01787 0.00132 0.00008 0.57460 0.00055 0.18811 0.21746
0.00146 0.00184 0.00244 0.02855 0.25780 0.52059 0.18733
0.04134 0.00400 0.00502 0.00204 0.09081 0.01617 0.84061
0.00095 0.00000 0.00004 0.00014 0.23511 0.30017 0.46359
0.00009 0.00000 0.00000 0.02728 0.00022 0.96968 0.00274
0.19867 0.00138 0.00679 0.08301 0.02475 0.53352 0.15187
0.00133 0.00000 0.00002 0.00148 0.00042 0.00389 0.99287
0.00765 0.00000 0.00000 0.75709 0.00000 0.15544 0.07982
0.00001 0.00000 0.00836 0.00001 0.00100 0.87575 0.11488
0.01364 0.01290 0.00166 0.02363 0.01769 0.09890 0.83158
0.03063 0.00013 0.00057 0.00130 0.00210 0.04719 0.91809
0.29915 0.00253 0.00030 0.01932 0.00423 0.00667 0.66780
0.05575 0.00162 0.00349 0.02377 0.06931 0.04721 0.79886
0.01634 0.00000 0.00006 0.00178 0.02616 0.46855 0.48710
0.00000 0.00000 0.00000 0.00000 0.99697 0.00000 0.00303
0.10974 0.00005 0.00001 0.79578 0.00027 0.04819 0.04596
0.04852 0.00000 0.00113 0.00015 0.00628 0.13503 0.80889
0.00000 0.00000 0.00000 0.00000 0.99461 0.00002 0.00536
0.00019 0.00002 0.00863 0.00006 0.65001 0.01225 0.32885
0.00000 0.00000 0.00000 0.00000 0.99889 0.00000 0.00111
0.00009 0.00003 0.00080 0.00228 0.00043 0.78140 0.21497
0.05996 0.01056 0.01523 0.31883 0.01937 0.14291 0.43314
0.00000 0.00000 0.00002 0.00000 0.00001 0.00899 0.99098
0.03395 0.00577 0.00802 0.25581 0.00989 0.44988 0.23669
0.00043 0.00000 0.00044 0.00058 0.66216 0.04740 0.28898
0.00003 0.00000 0.00050 0.00003 0.01265 0.03045 0.95634
0.00075 0.00025 0.42241 0.00100 0.01845 0.04744 0.50971
0.00000 0.00000 0.00000 0.00000 0.99690 0.00000 0.00310
0.03499 0.00004 0.00000 0.74557 0.00020 0.17642 0.04278
0.00000 0.00000 0.00000 0.00005 0.00004 0.99709 0.00283
0.00000 0.00000 0.00002 0.00000 0.00024 0.00113 0.99861
0.47474 0.00010 0.00000 0.33280 0.00023 0.11947 0.07266
0.04787 0.00637 0.00389 0.47409 0.01103 0.13907 0.31767
0.00004 0.00000 0.00000 0.00499 0.00001 0.98808 0.00689
0.53495 0.00187 0.00038 0.11355 0.00219 0.19808 0.14899
0.00000 0.00000 0.00003 0.00000 0.00117 0.00003 0.99876
0.01569 0.05075 0.17017 0.02629 0.20897 0.18621 0.34192
0.00000 0.00000 0.00027 0.00000 0.00000 0.00935 0.99038
0.00033 0.00018 0.02632 0.00484 0.02882 0.75431 0.18519
0.00022 0.00002 0.00024 0.05106 0.00081 0.61485 0.33281
0.17642 0.00525 0.00265 0.06750 0.17232 0.06727 0.50859
0.00083 0.00613 0.02176 0.01857 0.00039 0.07951 0.87280
0.00000 0.00000 0.00000 0.00184 0.00018 0.99352 0.00445
0.00632 0.00000 0.00000 0.00003 0.00037 0.00167 0.99161
0.00557 0.00003 0.00132 0.00016 0.01142 0.00095 0.98054
0.00028 0.05608 0.16079 0.00017 0.10332 0.10086 0.57850
0.00004 0.00005 0.06325 0.00009 0.53997 0.04111 0.35549
0.00000 0.00000 0.00000 0.00000 0.00000 0.00000 1.00000
0.97946 0.00000 0.00000 0.00003 0.00000 0.00079 0.01972
0.07947 0.00010 0.00002 0.06794 0.00002 0.00358 0.84887
0.07043 0.03276 0.00266 0.00313 0.00286 0.01173 0.87644
0.21226 0.00141 0.00174 0.19678 0.04413 0.10525 0.43842
0.00028 0.00021 0.03108 0.00095 0.14685 0.50198 0.31866
0.00238 0.00019 0.00235 0.00551 0.27906 0.15160 0.55891
0.00000 0.00001 0.00059 0.00000 0.00000 0.00240 0.99699
0.00021 0.00000 0.00000 0.99647 0.00000 0.00294 0.00038
0.00173 0.00000 0.00000 0.97864 0.00000 0.01108 0.00855
0.00171 0.00005 0.00019 0.00227 0.00005 0.04566 0.95007
0.03585 0.00696 0.06194 0.01031 0.10067 0.06346 0.72081
0.00178 0.00024 0.00723 0.00091 0.25693 0.00871 0.72421
0.00000 0.00000 0.00099 0.00000 0.96020 0.00091 0.03790
0.00077 0.00018 0.14779 0.00050 0.09659 0.30353 0.45064
0.00017 0.00000 0.00023 0.00001 0.00006 0.00274 0.99680
0.02147 0.07775 0.03275 0.14372 0.12750 0.15356 0.44326
0.77215 0.00027 0.00001 0.13447 0.00015 0.04716 0.04578
0.15544 0.00494 0.01784 0.00805 0.02608 0.05370 0.73393
0.16405 0.00211 0.00051 0.45653 0.01135 0.22963 0.13581
0.00644 0.00032 0.00103 0.01246 0.00263 0.88694 0.09017
0.03906 0.00044 0.00027 0.01895 0.00117 0.21605 0.72406
0.00000 0.00000 0.00042 0.00167 0.02162 0.00975 0.96653
0.12166 0.01835 0.00718 0.53601 0.02077 0.11012 0.18591
0.00000 0.00000 0.00000 0.00000 0.00000 0.00026 0.99974
0.02176 0.00076 0.00091 0.22237 0.02993 0.63705 0.08722
0.00178 0.00000 0.00002 0.00027 0.00727 0.00096 0.98970
0.92652 0.00000 0.00000 0.00270 0.00000 0.00081 0.06998
0.00072 0.00000 0.00000 0.97640 0.00000 0.02267 0.00021
0.37132 0.00009 0.00000 0.24415 0.00120 0.09719 0.28606
0.01412 0.00027 0.25986 0.00064 0.03090 0.06687 0.62733
0.01131 0.00044 0.00144 0.00165 0.20620 0.01497 0.76399
0.00000 0.00000 0.00000 0.00000 0.00002 0.99883 0.00115
0.00009 0.00002 0.40566 0.00011 0.02372 0.38009 0.19032
0.00001 0.00001 0.00000 0.00054 0.00074 0.99685 0.00185
0.02286 0.00030 0.04065 0.00722 0.08874 0.08439 0.75583
0.14266 0.00150 0.00099 0.26164 0.00766 0.44168 0.14387
0.00140 0.00000 0.00000 0.00000 0.36042 0.00004 0.63813
0.01049 0.00233 0.05588 0.00026 0.23451 0.01933 0.67720
0.01842 0.00273 0.00594 0.03979 0.07753 0.69808 0.15751
0.94982 0.00000 0.00000 0.00191 0.00007 0.00093 0.04728
0.00248 0.00015 0.03489 0.00274 0.36610 0.43912 0.15452
0.58989 0.00364 0.00140 0.04528 0.02716 0.17560 0.15702
0.03230 0.00007 0.02398 0.02727 0.04625 0.26654 0.60359
0.02797 0.00058 0.00031 0.05960 0.00043 0.36972 0.54140
0.00071 0.00000 0.00006 0.00018 0.08440 0.82111 0.09353
0.22320 0.00004 0.00010 0.01878 0.00873 0.06133 0.68782
0.61262 0.00000 0.00000 0.00174 0.00043 0.00695 0.37825
0.91684 0.00031 0.00004 0.01070 0.00033 0.02009 0.05170
0.00000 0.00000 0.00000 0.00000 1.00000 0.00000 0.00000
0.12834 0.00001 0.00000 0.69097 0.00003 0.09581 0.08484
0.00693 0.00159 0.06682 0.00144 0.31183 0.04445 0.56694
0.00721 0.00342 0.01360 0.03895 0.21280 0.56687 0.15715
0.11647 0.00011 0.00050 0.02264 0.02882 0.60242 0.22904
0.01016 0.00112 0.01693 0.00084 0.72082 0.01417 0.23597
0.00000 0.00000 0.00002 0.00005 0.00001 0.95969 0.04024
0.03246 0.00408 0.24294 0.00458 0.01003 0.09734 0.60857
0.00002 0.00000 0.00006 0.00025 0.01937 0.03603 0.94428
0.15422 0.00591 0.02046 0.01309 0.02701 0.15460 0.62471
0.70501 0.00069 0.00000 0.12595 0.00013 0.08432 0.08389
0.00000 0.00000 0.00000 0.00000 0.99908 0.00001 0.00091
0.00302 0.00004 0.00002 0.00387 0.00100 0.98106 0.01100
0.00000 0.00000 0.00000 0.00000 0.99550 0.00000 0.00450
0.00020 0.00000 0.00001 0.00001 0.00089 0.00417 0.99471
0.00498 0.00025 0.01131 0.00125 0.37892 0.09084 0.51245
0.85295 0.00006 0.00002 0.00914 0.00209 0.05802 0.07773
0.04111 0.00915 0.00352 0.24998 0.00824 0.54316 0.14485
0.00000 0.00001 0.00002 0.00001 0.00001 0.33213 0.66783
0.00000 0.00000 0.00000 0.00007 0.00047 0.00108 0.99838
0.15794 0.00000 0.00000 0.26432 0.00003 0.11422 0.46350
0.00000 0.00000 0.00000 0.00000 0.97103 0.00000 0.02896
0.04168 0.00067 0.00042 0.24141 0.00297 0.56981 0.14305
0.00856 0.00000 0.00090 0.00066 0.04385 0.02076 0.92527
0.15211 0.00922 0.00290 0.14122 0.02804 0.20909 0.45742
0.00473 0.00519 0.02696 0.00016 0.20375 0.00333 0.75588
0.10348 0.03427 0.04117 0.11810 0.06926 0.23394 0.39978
0.23082 0.03575 0.10141 0.03912 0.11028 0.06593 0.41668
0.09442 0.11565 0.09893 0.14262 0.12106 0.18572 0.24161
0.00008 0.00139 0.00157 0.00071 0.00069 0.84019 0.15537
0.00267 0.00002 0.00029 0.00010 0.00044 0.00940 0.98709
0.00000 0.00000 0.00000 0.00003 0.00010 0.99938 0.00048
0.07497 0.00001 0.00062 0.00070 0.27193 0.31076 0.34102
0.00001 0.00076 0.00230 0.00000 0.00013 0.00275 0.99406
0.46752 0.00004 0.00001 0.00001 0.01432 0.00944 0.50865
0.09599 0.00004 0.00001 0.71384 0.00053 0.13953 0.05005
0.98943 0.00000 0.00000 0.00052 0.00001 0.00088 0.00917
0.02770 0.00023 0.00002 0.85924 0.00034 0.07154 0.04093
0.00015 0.00000 0.00000 0.00046 0.00005 0.13189 0.86745
0.00102 0.00000 0.00002 0.01786 0.00090 0.01855 0.96165
0.00038 0.00005 0.00000 0.00091 0.00009 0.98838 0.01017
0.00000 0.00000 0.00185 0.00000 0.68422 0.00487 0.30906
0.11327 0.00031 0.00003 0.71473 0.00056 0.07740 0.09370
0.01505 0.00015 0.00124 0.07542 0.02305 0.11927 0.76583
0.01443 0.00000 0.00000 0.92111 0.00000 0.01303 0.05143
0.00046 0.00000 0.00015 0.00002 0.88135 0.00152 0.11649
0.00000 0.00000 0.00012 0.00000 0.98401 0.00009 0.01578
0.00019 0.00000 0.00003 0.00000 0.00000 0.00049 0.99928
0.00360 0.00073 0.02228 0.00232 0.20753 0.13886 0.62469
0.00002 0.00000 0.00000 0.99306 0.00000 0.00623 0.00070
0.39745 0.00193 0.00003 0.05355 0.00178 0.34329 0.20197
0.40300 0.00006 0.00000 0.53031 0.00005 0.02068 0.04590
0.00001 0.00000 0.00001 0.00017 0.09323 0.01010 0.89647
0.00003 0.00000 0.00000 0.00668 0.00183 0.69488 0.29657
0.03531 0.00722 0.00100 0.64118 0.00476 0.20870 0.10182
0.03899 0.00003 0.00000 0.00900 0.00035 0.00330 0.94833
0.00001 0.00000 0.00097 0.00000 0.23107 0.00167 0.76628
0.00000 0.00000 0.00013 0.00000 0.00027 0.97407 0.02553
0.00803 0.00088 0.00001 0.11615 0.00018 0.85360 0.02115
0.00007 0.00000 0.00000 0.00276 0.01784 0.95825 0.02108
0.16405 0.00211 0.00051 0.45653 0.01135 0.22963 0.13581
0.00025 0.00000 0.00003 0.10579 0.05253 0.45046 0.39094
0.08393 0.00288 0.00156 0.02063 0.00029 0.11757 0.77314
0.01515 0.00015 0.00005 0.59557 0.00024 0.27659 0.11223
0.00002 0.00000 0.00000 0.99810 0.00000 0.00120 0.00068
0.03469 0.00269 0.00209 0.12288 0.11754 0.58032 0.13979
0.00070 0.16977 0.61266 0.00034 0.01563 0.01482 0.18608
0.15688 0.02550 0.00000 0.00069 0.00077 0.01487 0.80128
0.00515 0.00000 0.00036 0.02097 0.00240 0.46157 0.50955
0.00005 0.00000 0.02914 0.00002 0.65170 0.00242 0.31666
0.03909 0.00002 0.00000 0.92320 0.00002 0.01717 0.02050
0.00107 0.00000 0.00007 0.00154 0.04830 0.03096 0.91805
0.00000 0.00006 0.00487 0.00000 0.96031 0.00095 0.03381
0.01908 0.03674 0.01214 0.06940 0.00465 0.25717 0.60084
0.04866 0.10579 0.02082 0.03082 0.00886 0.71062 0.07443
0.00199 0.00000 0.00067 0.00855 0.05208 0.29164 0.64507
0.02188 0.00000 0.00000 0.10494 0.00071 0.83443 0.03803
0.00000 0.00000 0.00003 0.00000 0.00003 0.08448 0.91546
0.00000 0.00000 0.00000 0.00018 0.03204 0.00069 0.96709
0.90594 0.00000 0.00002 0.00135 0.00115 0.01086 0.08067
0.27347 0.00106 0.00201 0.13181 0.01424 0.12892 0.44849
0.00435 0.00000 0.00000 0.98224 0.00000 0.00144 0.01198
0.66140 0.00008 0.00007 0.02696 0.00521 0.04753 0.25876
0.95808 0.00000 0.00000 0.01466 0.00000 0.00054 0.02672
0.00525 0.00000 0.00000 0.98156 0.00000 0.00734 0.00585
0.00001 0.00000 0.00001 0.00000 0.00000 0.00045 0.99952
0.00010 0.00039 0.00033 0.00285 0.00364 0.94208 0.05061
0.00000 0.00041 0.00020 0.00000 0.00000 0.99400 0.00538
0.00000 0.00000 0.00000 0.00000 0.00000 0.00003 0.99997
0.19392 0.00105 0.00439 0.12302 0.06247 0.28490 0.33024
0.00003 0.00000 0.00008 0.00000 0.06837 0.00068 0.93084
0.00000 0.00000 0.00000 0.00000 0.98500 0.00000 0.01500
0.14714 0.00006 0.01091 0.00537 0.06506 0.26225 0.50922
0.02081 0.00012 0.00000 0.79406 0.00006 0.15056 0.03438
0.00333 0.00063 0.02625 0.00733 0.59107 0.04276 0.32863
0.67271 0.00001 0.00000 0.07391 0.00020 0.11063 0.14253
0.00228 0.00194 0.02668 0.01197 0.34302 0.53119 0.08293
0.00314 0.18709 0.26733 0.00846 0.00833 0.20073 0.32492
0.00002 0.00000 0.01197 0.00001 0.11779 0.00136 0.86885
0.09555 0.00006 0.00017 0.10361 0.08274 0.10988 0.60800
0.00552 0.00000 0.00040 0.00011 0.02250 0.00048 0.97100
0.27057 0.00277 0.00324 0.18617 0.05336 0.16846 0.31542
0.00005 0.00000 0.00008 0.00000 0.00069 0.00061 0.99857
0.00392 0.00158 0.00020 0.00120 0.00016 0.04440 0.94854
0.01701 0.00013 0.00000 0.81997 0.00008 0.14363 0.01918
0.00096 0.00091 0.03689 0.00313 0.05844 0.12126 0.77841
0.00022 0.00001 0.00016 0.00001 0.03027 0.00202 0.96732
0.00016 0.02067 0.18838 0.00014 0.50670 0.11760 0.16636
0.26793 0.00068 0.02210 0.01099 0.02758 0.11076 0.55996
0.00000 0.00000 0.00000 0.00000 0.00001 0.00000 0.99999
0.00028 0.00005 0.18799 0.00312 0.00275 0.75614 0.04968
0.00598 0.00026 0.00175 0.00672 0.01143 0.04450 0.92935
0.00001 0.00000 0.00000 0.00002 0.00000 0.00060 0.99937
0.00001 0.00001 0.00489 0.00012 0.49978 0.33746 0.15772
0.11636 0.00087 0.00014 0.44761 0.00656 0.22922 0.19924
0.60701 0.01322 0.00034 0.01305 0.00560 0.22224 0.13854
0.00004 0.00000 0.00033 0.00001 0.89203 0.00044 0.10716
0.04395 0.00000 0.00000 0.33137 0.00042 0.50018 0.12408
0.03221 0.00011 0.00001 0.48132 0.00204 0.45012 0.03419
0.00001 0.00011 0.03886 0.00003 0.00065 0.08985 0.87049
0.00166 0.00000 0.00000 0.92212 0.00001 0.02287 0.05334
0.02875 0.00038 0.00039 0.52113 0.00275 0.15511 0.29150
0.12509 0.01911 0.00694 0.15486 0.02147 0.23137 0.44117
0.00044 0.00000 0.00879 0.00008 0.02627 0.00845 0.95597
0.00001 0.00000 0.00013 0.00148 0.00052 0.99092 0.00694
0.00000 0.00000 0.00000 0.00000 1.00000 0.00000 0.00000
0.00639 0.00843 0.00429 0.02340 0.01069 0.45789 0.48892
0.24528 0.07098 0.01794 0.18003 0.03867 0.27134 0.17576
0.00000 0.00000 0.00000 0.00000 0.99083 0.00000 0.00917
0.00000 0.00000 0.00000 0.00000 1.00000 0.00000 0.00000
0.00000 0.00000 0.01069 0.00000 0.90507 0.00078 0.08345
0.00000 0.00000 0.01465 0.00000 0.00171 0.00065 0.98300
0.00887 0.00044 0.00485 0.02943 0.00145 0.02858 0.92638
0.00014 0.00001 0.00000 0.00682 0.00042 0.98975 0.00287
0.02082 0.00564 0.37623 0.00761 0.15359 0.07534 0.36077
0.00001 0.00003 0.00008 0.00069 0.00011 0.98818 0.01090
0.00153 0.00004 0.01980 0.00296 0.08703 0.41244 0.47620
0.00000 0.00000 0.00000 0.00000 0.00019 0.00899 0.99082
0.00002 0.00000 0.00000 0.86873 0.00000 0.10078 0.03046
0.05465 0.00949 0.07153 0.01824 0.13334 0.10961 0.60314
0.00058 0.00005 0.00018 0.02124 0.01188 0.94552 0.02056
0.44886 0.00302 0.00895 0.02620 0.03122 0.15824 0.32352
0.00051 0.00000 0.00000 0.98525 0.00000 0.01341 0.00083
0.00131 0.00001 0.01486 0.00504 0.20522 0.22608 0.54748
0.03063 0.00016 0.00002 0.73767 0.00010 0.11430 0.11713
0.00050 0.00005 0.27043 0.00048 0.12400 0.01241 0.59213
0.41156 0.05095 0.01737 0.01918 0.15083 0.08477 0.26534
0.00001 0.00000 0.00000 0.00000 0.96999 0.00006 0.02994
0.98254 0.00001 0.00000 0.00013 0.00005 0.00235 0.01492
0.09573 0.00323 0.00452 0.22000 0.20270 0.21999 0.25384
0.02824 0.01040 0.01763 0.01362 0.21535 0.01445 0.70031
0.00004 0.00055 0.00004 0.00000 0.86048 0.00003 0.13885
0.06712 0.00000 0.00001 0.00643 0.00337 0.12479 0.79828
0.00018 0.00042 0.00098 0.00053 0.00123 0.24164 0.75502
0.00007 0.00000 0.00002 0.00078 0.00126 0.01243 0.98544
0.00062 0.00002 0.01439 0.00012 0.01320 0.01846 0.95319
0.00083 0.00000 0.00025 0.00030 0.02857 0.01015 0.95990
0.00331 0.04875 0.00033 0.00042 0.29151 0.00089 0.65479
0.00194 0.00036 0.03541 0.00035 0.34761 0.00579 0.60853
0.00179 0.00003 0.01329 0.01530 0.00993 0.07451 0.88515
0.00000 0.00004 0.00001 0.00000 0.00004 0.00049 0.99941
0.00063 0.00000 0.00211 0.00004 0.43808 0.01392 0.54522
0.00939 0.00368 0.00095 0.34669 0.00062 0.44257 0.19609
0.54845 0.01041 0.00320 0.07081 0.00599 0.14183 0.21932
0.06003 0.00253 0.00012 0.24419 0.00383 0.55961 0.12970
0.00718 0.00000 0.00001 0.00011 0.00039 0.00117 0.99115
0.01270 0.00002 0.00021 0.11442 0.01204 0.14669 0.71392
0.70400 0.00030 0.00002 0.10558 0.00025 0.01728 0.17256
0.41909 0.00010 0.00071 0.10163 0.01105 0.10493 0.36249
0.00035 0.00001 0.00062 0.00007 0.00017 0.00299 0.99580
0.00138 0.00000 0.00000 0.97163 0.00000 0.01717 0.00982
0.00533 0.00089 0.00260 0.00116 0.00780 0.14048 0.84175
0.00017 0.00003 0.00001 0.00397 0.00002 0.98835 0.00746
0.00127 0.00000 0.00000 0.97704 0.00000 0.00691 0.01478
0.24117 0.00205 0.00161 0.22921 0.00812 0.24871 0.26914
0.00630 0.00002 0.01338 0.00551 0.09091 0.05812 0.82576
0.01191 0.00047 0.00046 0.00278 0.00297 0.01296 0.96846
0.07271 0.00020 0.00005 0.81093 0.00049 0.05964 0.05597
0.00069 0.01376 0.11311 0.00021 0.21114 0.00473 0.65636
0.34893 0.00906 0.00133 0.24381 0.00094 0.04671 0.34922
0.08298 0.00008 0.00001 0.01088 0.00105 0.06874 0.83626
0.00000 0.00000 0.00000 0.00000 0.99463 0.00001 0.00536
0.00681 0.00006 0.00388 0.00614 0.02159 0.15268 0.80884
0.15290 0.00983 0.00107 0.00240 0.05558 0.00468 0.77355
0.06683 0.00004 0.00001 0.78934 0.00024 0.10003 0.04351
0.09034 0.03843 0.03927 0.04636 0.09676 0.08904 0.59981
0.00795 0.00000 0.00000 0.96155 0.00000 0.02539 0.00511
0.05925 0.00057 0.00027 0.60131 0.00367 0.24622 0.08872
0.02437 0.00000 0.00000 0.59634 0.00007 0.01121 0.36802
0.00092 0.00017 0.00013 0.06879 0.00339 0.84298 0.08362
0.00000 0.00000 0.00000 0.00000 0.94232 0.00030 0.05737
0.00017 0.00371 0.00011 0.00002 0.83459 0.00066 0.16074
0.33984 0.00002 0.00000 0.38821 0.00000 0.25925 0.01268
0.05373 0.02637 0.09968 0.06622 0.05473 0.35709 0.34220
0.01083 0.00057 0.00274 0.00887 0.72484 0.13280 0.11935
0.00184 0.00000 0.00000 0.94523 0.00000 0.03553 0.01740
0.00000 0.00000 0.00000 0.00000 0.99955 0.00000 0.00045
0.05340 0.00001 0.00003 0.00184 0.00005 0.00911 0.93556
0.52115 0.00001 0.00000 0.31600 0.00003 0.06168 0.10113
0.00001 0.00008 0.00001 0.00036 0.00182 0.99020 0.00751
0.00065 0.00000 0.00005 0.03502 0.00126 0.11730 0.84571
0.00000 0.25094 0.00902 0.00012 0.00010 0.38094 0.35888
0.01017 0.00000 0.00002 0.00000 0.00043 0.00010 0.98927
0.00027 0.00000 0.00000 0.00000 0.00000 0.00000 0.99973
0.00058 0.00000 0.00000 0.87711 0.00000 0.12067 0.00164
0.00000 0.00000 0.00000 0.00000 0.00038 0.00049 0.99912
0.00027 0.00000 0.00039 0.00002 0.00523 0.00886 0.98522
0.00000 0.00000 0.00000 0.00000 0.99995 0.00000 0.00005
0.85680 0.00287 0.00045 0.00253 0.00912 0.02690 0.10133
0.17960 0.00275 0.01340 0.06435 0.16785 0.25583 0.31622
0.00021 0.00001 0.00141 0.00030 0.40492 0.00349 0.58966
0.00430 0.00002 0.00017 0.00716 0.00625 0.03393 0.94818
0.06691 0.00001 0.00000 0.86589 0.00005 0.02048 0.04667
0.11591 0.00000 0.00000 0.47253 0.00140 0.05249 0.35767
0.00000 0.00000 0.00000 0.00000 0.99998 0.00000 0.00002
0.00000 0.00000 0.00010 0.00000 0.01287 0.00085 0.98618
0.02148 0.00006 0.00006 0.36734 0.00151 0.01654 0.59301
0.00000 0.00000 0.00019 0.00000 0.00384 0.00188 0.99408
0.50252 0.07143 0.00152 0.11484 0.00799 0.07578 0.22592
0.00031 0.00000 0.00002 0.00782 0.04156 0.02606 0.92424
0.01958 0.00781 0.01044 0.07108 0.03662 0.76789 0.08657
0.14106 0.00102 0.00058 0.55223 0.01974 0.07298 0.21239
0.05338 0.00310 0.00051 0.66519 0.00277 0.18372 0.09132
0.00006 0.00000 0.01314 0.00004 0.04097 0.00246 0.94333
0.00755 0.00618 0.12061 0.01955 0.19973 0.47254 0.17383
0.00854 0.00140 0.02970 0.00048 0.01709 0.03733 0.90545
0.00025 0.00000 0.00045 0.00009 0.00148 0.03665 0.96107
0.08651 0.00145 0.02436 0.00267 0.18285 0.05227 0.64989
0.02860 0.00189 0.00026 0.63994 0.00079 0.23075 0.09777
0.23414 0.00093 0.00082 0.13228 0.01755 0.11867 0.49561
0.01343 0.00000 0.00001 0.00159 0.00931 0.00105 0.97461
0.05170 0.00005 0.00218 0.01314 0.02712 0.05076 0.85505
0.03140 0.32180 0.11584 0.01228 0.03868 0.16184 0.31816
0.00097 0.00000 0.00023 0.00011 0.00012 0.00105 0.99751
0.04468 0.00086 0.01132 0.02197 0.13152 0.11773 0.67192
0.00000 0.00000 0.00000 0.00000 0.00003 0.99971 0.00027
0.00002 0.00000 0.00000 0.00000 0.00126 0.00118 0.99754
0.71464 0.00004 0.00011 0.00358 0.00158 0.09997 0.18009
0.00001 0.00000 0.00007 0.00000 0.92553 0.00008 0.07431
0.01731 0.00203 0.00032 0.02226 0.00054 0.00830 0.94923
0.00024 0.00000 0.00000 0.01779 0.00002 0.84617 0.13578
0.00496 0.00000 0.00000 0.04450 0.00114 0.04128 0.90812
0.02726 0.00764 0.04966 0.02039 0.29751 0.11630 0.48124
0.01175 0.13645 0.17078 0.00247 0.17269 0.05824 0.44762
0.00027 0.00000 0.00000 0.34633 0.00001 0.61678 0.03660
0.02780 0.00007 0.00000 0.82655 0.00008 0.12384 0.02166
0.07140 0.00000 0.00048 0.00255 0.30814 0.31052 0.30691
0.12662 0.00111 0.00014 0.66111 0.00116 0.13373 0.07612
0.00208 0.00000 0.00000 0.98895 0.00000 0.00722 0.00175
0.00000 0.00000 0.00000 0.00020 0.00417 0.00094 0.99468
0.43488 0.02708 0.00058 0.01168 0.02802 0.01066 0.48710
0.00774 0.00037 0.00001 0.79572 0.00013 0.14847 0.04755
0.00235 0.00000 0.00040 0.00068 0.00260 0.24793 0.74603
0.00058 0.00000 0.00007 0.00050 0.00174 0.01321 0.98390
0.15602 0.00028 0.00024 0.35586 0.01531 0.06558 0.40672
0.88863 0.00004 0.00001 0.00594 0.00052 0.01437 0.09050
0.04682 0.00008 0.00164 0.00877 0.02009 0.09275 0.82985
0.02107 0.00393 0.00844 0.00034 0.03971 0.03938 0.88712
0.16296 0.00251 0.00025 0.61076 0.00218 0.09508 0.12626
0.01249 0.00001 0.00000 0.90418 0.00002 0.06945 0.01385
0.02476 0.00011 0.00001 0.86735 0.00010 0.08856 0.01910
0.24204 0.15761 0.00191 0.06513 0.00524 0.13616 0.39191
0.02086 0.00021 0.00002 0.75896 0.00049 0.18159 0.03787
0.20159 0.00002 0.00001 0.71809 0.00039 0.03817 0.04174
0.00226 0.00012 0.00000 0.06005 0.00009 0.92915 0.00832
0.00039 0.00101 0.02637 0.00674 0.07983 0.73088 0.15477
0.00630 0.00002 0.00020 0.00989 0.00032 0.01823 0.96504
0.00221 0.00163 0.13340 0.00236 0.37623 0.19599 0.28818
0.55002 0.00678 0.00145 0.04670 0.00760 0.20202 0.18543
0.07453 0.00424 0.02995 0.01595 0.12929 0.36531 0.38074
0.00237 0.00000 0.00000 0.96103 0.00000 0.02448 0.01211
0.00000 0.00000 0.07824 0.00000 0.54233 0.00364 0.37578
0.00000 0.00000 0.00008 0.00002 0.00161 0.13633 0.86196
0.11482 0.00003 0.00025 0.00065 0.00002 0.31361 0.57062
0.00000 0.00000 0.00000 0.00000 0.99838 0.00000 0.00162
0.03694 0.00371 0.00017 0.73850 0.00213 0.10113 0.11740
0.02375 0.00021 0.01103 0.01195 0.05346 0.54508 0.35453
0.01493 0.00000 0.00000 0.94814 0.00000 0.02907 0.00785
0.08500 0.00007 0.00060 0.00321 0.05060 0.12094 0.73959
0.00681 0.01230 0.03925 0.11386 0.07341 0.43558 0.31878
0.01855 0.00564 0.08886 0.00163 0.06251 0.24848 0.57433
0.00019 0.00000 0.00014 0.00031 0.00045 0.98811 0.01080
0.01037 0.00009 0.00179 0.00245 0.00530 0.02450 0.95550
0.00773 0.00000 0.00001 0.00045 0.00024 0.05648 0.93510
0.14333 0.00053 0.00028 0.11247 0.01618 0.02994 0.69727
0.03193 0.00984 0.01934 0.01679 0.21045 0.24856 0.46308
0.00591 0.00000 0.00000 0.06979 0.00000 0.01936 0.90495
0.00000 0.00000 0.00000 0.00000 0.00000 0.99998 0.00001
0.00149 0.00001 0.00703 0.00032 0.36209 0.04642 0.58264
0.00000 0.00000 0.00955 0.00016 0.01505 0.20308 0.77216
0.00035 0.00004 0.00221 0.00489 0.00094 0.20454 0.78703
0.03233 0.00000 0.00000 0.78982 0.00003 0.02053 0.15730
0.07396 0.00015 0.00091 0.05029 0.08761 0.18927 0.59782
0.03185 0.00110 0.00271 0.00660 0.15390 0.04742 0.75641
0.08311 0.00080 0.00247 0.23846 0.04550 0.48362 0.14603
0.16586 0.00200 0.00397 0.02989 0.00851 0.20393 0.58585
0.00410 0.00004 0.00040 0.01332 0.00040 0.19570 0.78604
0.00418 0.00002 0.00578 0.00298 0.04808 0.04067 0.89830
0.03654 0.00428 0.00768 0.01604 0.00760 0.37984 0.54802
0.66856 0.00001 0.00000 0.00054 0.00099 0.00129 0.32860
0.00000 0.00000 0.00002 0.00000 0.00000 0.00002 0.99997
0.00000 0.00003 0.00055 0.00000 0.98065 0.00005 0.01872
0.00024 0.00000 0.00000 0.92846 0.00000 0.03043 0.04087
0.00002 0.29018 0.04596 0.00002 0.00518 0.03216 0.62648
0.00203 0.00000 0.00000 0.98531 0.00000 0.00946 0.00319
0.35446 0.00000 0.00000 0.00191 0.00001 0.01024 0.63337
0.11940 0.00705 0.00494 0.01040 0.00391 0.01848 0.83582
0.00000 0.00000 0.00000 0.00403 0.00000 0.99446 0.00151
0.00000 0.00000 0.00000 0.00040 0.00002 0.99797 0.00161
0.00062 0.00000 0.00000 0.98957 0.00000 0.00721 0.00260
0.00000 0.00000 0.00014 0.00000 0.98208 0.00019 0.01759
0.01642 0.00005 0.00204 0.03027 0.01984 0.02646 0.90491
0.08484 0.00114 0.00074 0.31154 0.00286 0.21480 0.38409
0.64274 0.00000 0.00000 0.10170 0.00276 0.02090 0.23190
0.06897 0.00000 0.00051 0.03476 0.01351 0.02580 0.85644
0.06807 0.00014 0.00009 0.38467 0.01271 0.03145 0.50286
0.53570 0.00000 0.00000 0.09025 0.00229 0.03367 0.33809
0.00015 0.00005 0.00002 0.00010 0.00048 0.99438 0.00482
0.00089 0.00052 0.02551 0.02065 0.10126 0.60796 0.24322
0.00872 0.00248 0.00495 0.02129 0.02740 0.83598 0.09918
0.00014 0.00046 0.43089 0.00043 0.00823 0.47550 0.08434
0.03645 0.00002 0.00000 0.79783 0.00001 0.15278 0.01291
0.00332 0.00033 0.00537 0.01344 0.27654 0.08220 0.61880
0.00004 0.00033 0.14169 0.00097 0.01176 0.06696 0.77825
0.00000 0.00000 0.00000 0.00000 1.00000 0.00000 0.00000
0.84571 0.00000 0.00000 0.00899 0.00003 0.00083 0.14443
0.00122 0.00005 0.00030 0.00901 0.32833 0.11343 0.54767
0.00325 0.00283 0.23421 0.00018 0.03858 0.02918 0.69177
0.03243 0.00008 0.00062 0.00072 0.00166 0.03243 0.93206
0.00018 0.00000 0.00000 0.99730 0.00000 0.00213 0.00040
0.00000 0.00000 0.00001 0.00000 0.00012 0.00000 0.99987
0.00014 0.00000 0.00002 0.00002 0.00089 0.00175 0.99719
0.16145 0.00576 0.00230 0.43513 0.01116 0.18476 0.19944
0.87023 0.00000 0.00000 0.00082 0.01704 0.01154 0.10036
0.02861 0.00928 0.07833 0.07881 0.31248 0.13387 0.35861
0.00000 0.00000 0.00000 0.00009 0.00001 0.03214 0.96776
0.00036 0.00027 0.35799 0.00016 0.20672 0.09259 0.34191
0.00075 0.00000 0.00002 0.00010 0.00002 0.01588 0.98322
0.00136 0.00003 0.00006 0.00033 0.00758 0.95757 0.03308
0.00472 0.00046 0.02405 0.00148 0.01848 0.04374 0.90707
0.01697 0.00161 0.00796 0.03252 0.21870 0.14087 0.58136
0.02877 0.00039 0.00547 0.00271 0.00408 0.03064 0.92795
0.00277 0.00005 0.00001 0.29339 0.00137 0.40553 0.29688
0.00002 0.00003 0.00007 0.00112 0.00001 0.95421 0.04454
0.09573 0.00323 0.00452 0.22000 0.20270 0.21999 0.25384
0.01162 0.00185 0.00053 0.00695 0.00228 0.85690 0.11987
0.36893 0.00001 0.00009 0.04438 0.01718 0.01526 0.55415
0.00129 0.00020 0.00204 0.00222 0.00169 0.67154 0.32103
0.00068 0.00000 0.00017 0.09670 0.11532 0.61583 0.17129
0.02465 0.00000 0.00002 0.03103 0.11791 0.49099 0.33540
0.00001 0.00000 0.00017 0.00004 0.08911 0.01990 0.89078
0.01453 0.00009 0.00080 0.01216 0.02003 0.59130 0.36110
0.00002 0.00000 0.00015 0.00018 0.00037 0.00266 0.99661
0.00015 0.00003 0.00190 0.00130 0.00030 0.09529 0.90104
0.15895 0.02113 0.01176 0.20145 0.10020 0.27206 0.23445
0.00746 0.00003 0.00020 0.13506 0.01729 0.62850 0.21145
0.02095 0.00390 0.03217 0.00913 0.31293 0.06654 0.55438
0.03640 0.00001 0.00072 0.00091 0.00405 0.19275 0.76516
0.01818 0.00065 0.02820 0.00116 0.05295 0.32521 0.57364
0.00199 0.00002 0.00000 0.83660 0.00002 0.13994 0.02144
0.82059 0.00133 0.00034 0.02356 0.00296 0.07919 0.07202
0.00000 0.00000 0.00000 0.01182 0.00002 0.59250 0.39565
0.01985 0.00760 0.00037 0.11752 0.01583 0.70756 0.13127
0.00002 0.00000 0.00000 0.00000 0.00008 0.00030 0.99960
0.14162 0.00001 0.00000 0.39360 0.00026 0.13274 0.33177
0.00019 0.00000 0.00000 0.00009 0.26039 0.01278 0.72655
0.00340 0.01251 0.20026 0.00125 0.14679 0.26560 0.37020
0.00023 0.00000 0.00000 0.95731 0.00000 0.04107 0.00138
0.48441 0.00000 0.00001 0.00283 0.00424 0.02485 0.48365
0.88118 0.00006 0.00000 0.00320 0.00057 0.00491 0.11009
0.01197 0.00000 0.00000 0.00000 0.00010 0.00032 0.98761
0.00002 0.00000 0.00000 0.00525 0.00008 0.97897 0.01569
0.01507 0.00000 0.00031 0.00013 0.28307 0.00187 0.69954
0.44042 0.00004 0.00053 0.00158 0.00666 0.04566 0.50512
0.00008 0.00000 0.00000 0.00000 0.00000 0.00038 0.99954
0.20813 0.00003 0.00000 0.04697 0.00104 0.01703 0.72681
0.55393 0.00005 0.00002 0.35764 0.00034 0.01907 0.06894
0.02661 0.03548 0.03404 0.00220 0.28901 0.02401 0.58866
0.30223 0.00055 0.00118 0.01438 0.01153 0.01841 0.65173
0.00088 0.00000 0.00037 0.00013 0.00032 0.00455 0.99374
0.00066 0.00000 0.00007 0.00047 0.00826 0.79328 0.19725
0.00001 0.00031 0.00002 0.00000 0.00009 0.00009 0.99948
0.01121 0.00095 0.00956 0.02826 0.02477 0.25632 0.66892
0.00075 0.00003 0.01336 0.00018 0.57745 0.02189 0.38634
0.00000 0.00002 0.00058 0.00038 0.00007 0.86484 0.13410
0.00000 0.00000 0.00018 0.00000 0.03079 0.13986 0.82918
0.00761 0.00000 0.00000 0.86941 0.00001 0.10947 0.01350
0.00000 0.00000 0.00000 0.00000 0.00000 0.99994 0.00006
0.00002 0.00000 0.00105 0.00000 0.94791 0.00381 0.04722
0.00062 0.00013 0.00571 0.07015 0.01152 0.57680 0.33507
0.00806 0.00000 0.00002 0.00510 0.01175 0.44021 0.53486
0.00104 0.00204 0.00386 0.02588 0.00361 0.90969 0.05388
0.02228 0.00000 0.00001 0.01318 0.00866 0.91214 0.04373
0.01315 0.00001 0.00000 0.93002 0.00002 0.02875 0.02806
0.03776 0.00705 0.02142 0.06481 0.17130 0.17843 0.51923
0.00074 0.11116 0.14801 0.00048 0.19754 0.06062 0.48144
0.00719 0.00303 0.05807 0.02071 0.02340 0.12909 0.75852
0.06523 0.06362 0.00690 0.23056 0.01158 0.46714 0.15497
0.06975 0.00937 0.00703 0.00987 0.00840 0.71101 0.18458
0.51313 0.04270 0.00314 0.04891 0.02098 0.19963 0.17151
0.01570 0.00004 0.00001 0.45744 0.00016 0.04060 0.48605
0.01584 0.00051 0.00450 0.00160 0.07906 0.00562 0.89287
0.00712 0.00643 0.10659 0.00253 0.43500 0.08166 0.36067
0.01809 0.00001 0.00001 0.19408 0.00007 0.14265 0.64509
0.00004 0.00000 0.02329 0.00131 0.04106 0.49471 0.43959
0.22308 0.07409 0.11904 0.00315 0.02666 0.06001 0.49397
0.94313 0.00000 0.00000 0.00485 0.00000 0.00378 0.04823
0.06776 0.00000 0.00000 0.26284 0.00003 0.27538 0.39398
0.00387 0.11704 0.08147 0.02564 0.00896 0.08824 0.67479
0.00000 0.00000 0.00132 0.00000 0.86967 0.00011 0.12889
0.00000 0.00000 0.00000 0.00000 0.95815 0.00000 0.04185
0.00082 0.00007 0.03922 0.00026 0.18675 0.16116 0.61172
0.18089 0.00120 0.00002 0.57542 0.00123 0.04665 0.19459
0.00004 0.03683 0.38625 0.00001 0.00104 0.00366 0.57219
0.00449 0.18185 0.18908 0.00019 0.14512 0.06222 0.41705
0.01428 0.00130 0.00118 0.24331 0.00502 0.39951 0.33541
0.00076 0.00694 0.00143 0.00002 0.00579 0.00042 0.98463
0.24345 0.00000 0.00000 0.29982 0.00019 0.13160 0.32493
0.00133 0.04452 0.01504 0.00012 0.17457 0.02966 0.73476
0.24208 0.00276 0.00011 0.19854 0.00031 0.06819 0.48802
0.01401 0.00832 0.11800 0.01729 0.35284 0.18977 0.29978
0.00297 0.00009 0.00529 0.00012 0.87496 0.01620 0.10038
0.02259 0.00010 0.00496 0.00282 0.00539 0.17797 0.78616
0.00323 0.00094 0.07510 0.00044 0.15290 0.03729 0.73009
0.02604 0.00009 0.00512 0.00214 0.71561 0.10519 0.14580
0.00790 0.00056 0.00035 0.25413 0.00245 0.42101 0.31360
0.02203 0.00001 0.00001 0.61637 0.00012 0.26320 0.09825
0.01265 0.00002 0.00000 0.91909 0.00001 0.04674 0.02150
0.00019 0.00012 0.01545 0.00576 0.00127 0.22653 0.75067
0.00031 0.00002 0.00047 0.02430 0.00013 0.63396 0.34080
0.02792 0.00190 0.00340 0.34981 0.03648 0.37374 0.20675
0.04484 0.00026 0.00001 0.76570 0.00033 0.13497 0.05389
0.02455 0.00001 0.00000 0.91265 0.00003 0.04662 0.01613
0.20504 0.00388 0.00459 0.04400 0.09135 0.18280 0.46833
0.00023 0.00000 0.00005 0.00696 0.00410 0.97196 0.01670
0.01459 0.00000 0.00025 0.03934 0.02141 0.30846 0.61595
0.93780 0.00001 0.00000 0.00032 0.00012 0.00072 0.06103
0.02497 0.00052 0.00001 0.78290 0.00019 0.16004 0.03135
0.89805 0.00005 0.00000 0.00348 0.00357 0.05390 0.04094
0.00001 0.00001 0.00079 0.00007 0.00454 0.99130 0.00328
0.08411 0.00033 0.00781 0.00704 0.05375 0.23965 0.60731
0.00741 0.00002 0.00009 0.03774 0.00077 0.12313 0.83084
0.08340 0.00500 0.00227 0.22346 0.00906 0.59760 0.07920
0.00002 0.00002 0.00184 0.00018 0.01361 0.96332 0.02100
0.01333 0.00047 0.00233 0.00119 0.10074 0.76608 0.11587
0.00432 0.00049 0.00082 0.00926 0.00139 0.03269 0.95102
0.01140 0.00000 0.00000 0.00000 0.00793 0.00160 0.97905
0.00001 0.00002 0.00275 0.00000 0.00005 0.00035 0.99681
0.00011 0.00000 0.00000 0.73924 0.00000 0.09126 0.16939
0.11023 0.00028 0.00001 0.52871 0.00041 0.27692 0.08344
0.00000 0.00000 0.00000 0.00026 0.00001 0.99650 0.00324
0.18359 0.00101 0.00069 0.02804 0.07062 0.01121 0.70483
0.00003 0.00000 0.00004 0.00000 0.00037 0.00024 0.99931
0.00056 0.47082 0.01978 0.00001 0.21965 0.00106 0.28811
0.00016 0.00116 0.00166 0.00188 0.00467 0.93662 0.05385
0.01158 0.00005 0.00000 0.88016 0.00002 0.08841 0.01977
0.09561 0.00643 0.00282 0.31444 0.01374 0.40299 0.16398
0.00531 0.00000 0.00247 0.00088 0.02599 0.12313 0.84222
0.51978 0.01085 0.00775 0.02877 0.04006 0.14314 0.24965
0.00083 0.00004 0.00002 0.00217 0.00097 0.98722 0.00875
0.04520 0.00001 0.00001 0.21781 0.00009 0.09502 0.64187
0.00541 0.00017 0.00577 0.01994 0.01345 0.02793 0.92732
0.06511 0.03755 0.05388 0.10708 0.04377 0.27057 0.42204
0.00352 0.00003 0.03629 0.00050 0.01465 0.21524 0.72977
0.14685 0.00145 0.00043 0.18651 0.00415 0.38989 0.27072
0.11853 0.00066 0.00132 0.00072 0.00228 0.01124 0.86526
0.00006 0.00005 0.00004 0.00295 0.00074 0.99228 0.00388
0.78133 0.00011 0.00001 0.08330 0.00022 0.01969 0.11535
0.01600 0.00247 0.18649 0.00204 0.17379 0.02043 0.59878
0.00943 0.00005 0.00257 0.02596 0.03186 0.54736 0.38277
0.00000 0.00000 0.00000 0.00000 0.00000 0.15974 0.84026
0.00460 0.00001 0.00025 0.01229 0.00120 0.83969 0.14196
0.04194 0.00660 0.01808 0.04542 0.18285 0.20535 0.49977
0.01005 0.00007 0.00117 0.33118 0.01370 0.06880 0.57503
0.00299 0.00177 0.01045 0.00025 0.52151 0.01119 0.45183
0.01788 0.00013 0.00658 0.01450 0.07673 0.63735 0.24683
0.00000 0.00000 0.00000 0.00051 0.00000 0.16820 0.83130
0.00007 0.00000 0.00000 0.99990 0.00000 0.00002 0.00001
0.04902 0.00011 0.00008 0.21180 0.00420 0.48997 0.24481
0.07975 0.00000 0.00000 0.46449 0.00002 0.43253 0.02320
0.00000 0.00009 0.00939 0.00002 0.00014 0.01566 0.97469
0.04317 0.01503 0.04602 0.10302 0.11782 0.32359 0.35136
0.00827 0.03631 0.09186 0.08393 0.03151 0.34887 0.39924
0.00623 0.00007 0.00052 0.00010 0.10763 0.00290 0.88255
0.00783 0.00045 0.02404 0.00757 0.08237 0.31711 0.56061
0.00000 0.00000 0.00000 0.00000 0.01245 0.00993 0.97761
0.00109 0.00530 0.01258 0.00088 0.90052 0.01719 0.06244
0.00207 0.00000 0.00000 0.97636 0.00002 0.00793 0.01362
0.00471 0.00000 0.00002 0.00525 0.00030 0.01081 0.97890
0.00012 0.68744 0.26109 0.00003 0.00083 0.00533 0.04517
0.11195 0.00160 0.01435 0.00191 0.01385 0.08329 0.77306
0.07315 0.00029 0.00511 0.01449 0.01639 0.63421 0.25636
0.00000 0.00000 0.00944 0.00000 0.00232 0.00159 0.98665
0.00575 0.00000 0.00000 0.97103 0.00000 0.01356 0.00965
0.03539 0.00835 0.02600 0.06861 0.18054 0.18711 0.49400
0.10445 0.00328 0.01582 0.00075 0.04294 0.66664 0.16611
0.80612 0.00058 0.00002 0.04824 0.00041 0.08236 0.06227
0.09049 0.00000 0.00000 0.00007 0.00006 0.00009 0.90928
0.00000 0.00000 0.00000 0.00000 0.99977 0.00000 0.00023
0.00001 0.00000 0.00093 0.00001 0.00532 0.01576 0.97796
0.68540 0.00015 0.00007 0.10845 0.00102 0.11614 0.08877
0.40666 0.00042 0.00635 0.00569 0.00954 0.10337 0.46797
0.01530 0.00003 0.00001 0.90462 0.00020 0.03134 0.04851
0.02208 0.01330 0.01016 0.02184 0.09143 0.44015 0.40104
0.16607 0.01638 0.10280 0.02347 0.05722 0.10099 0.53307
0.02203 0.00044 0.00113 0.20108 0.01058 0.72258 0.04216
0.00100 0.00784 0.00053 0.00300 0.00625 0.39055 0.59084
0.00696 0.00085 0.00034 0.00765 0.00083 0.59525 0.38813
0.01111 0.00016 0.00432 0.12820 0.04016 0.42028 0.39577
0.00629 0.00014 0.00034 0.22181 0.01453 0.63368 0.12321
0.00002 0.00016 0.00365 0.00008 0.00454 0.26191 0.72963
0.12075 0.00319 0.00923 0.00709 0.05414 0.03917 0.76643
0.00966 0.00281 0.03029 0.00478 0.12674 0.19789 0.62782
0.03095 0.00063 0.00181 0.00096 0.34120 0.00904 0.61540
0.00023 0.00000 0.00180 0.00039 0.03168 0.79817 0.16773
0.45850 0.00027 0.00021 0.01590 0.00418 0.10643 0.41452
0.00066 0.00001 0.00079 0.00175 0.03635 0.89018 0.07025
0.21388 0.01507 0.00405 0.05349 0.01572 0.52220 0.17559
0.22677 0.00012 0.00001 0.57877 0.00009 0.12719 0.06706
0.75911 0.00093 0.00006 0.06389 0.00147 0.01050 0.16403
0.04203 0.06297 0.00218 0.00060 0.15158 0.00169 0.73896
0.05905 0.01844 0.00224 0.50897 0.00379 0.27995 0.12755
0.00028 0.00006 0.00000 0.00055 0.00004 0.96519 0.03388
0.75713 0.00130 0.00003 0.10349 0.00048 0.06406 0.07351
0.62569 0.00171 0.00028 0.05648 0.00765 0.11391 0.19428
0.00009 0.00003 0.00000 0.00445 0.00003 0.95255 0.04284
0.09937 0.00912 0.00256 0.53103 0.01130 0.17844 0.16818
0.05610 0.00023 0.02427 0.02318 0.21122 0.41778 0.26722
0.00001 0.00000 0.00125 0.00057 0.00057 0.04324 0.95436
0.00000 0.00001 0.00016 0.00415 0.00012 0.90599 0.08957
0.00049 0.00005 0.00525 0.00379 0.00185 0.03219 0.95638
0.01914 0.00105 0.02467 0.00293 0.03793 0.03210 0.88217
0.16179 0.00000 0.00003 0.00714 0.00310 0.07416 0.75378
0.92640 0.00022 0.00002 0.02234 0.00030 0.01869 0.03202
0.17237 0.00669 0.00702 0.17456 0.02798 0.23010 0.38128
0.02966 0.00421 0.00977 0.11545 0.00920 0.29511 0.53659
0.11659 0.24967 0.03786 0.01076 0.03864 0.04754 0.49894
0.00003 0.00000 0.00000 0.00000 0.89202 0.00000 0.10796
