# Country Folk Indie Jazz Metal Pop Rock
0.01107 0.28256 0.01116 0.04052 0.00159 0.58507 0.06802
0.00662 0.04846 0.14835 0.09200 0.00946 0.65430 0.04081
0.00001 0.99977 0.00000 0.00006 0.00001 0.00014 0.00001
0.01341 0.23483 0.08609 0.05068 0.21470 0.15099 0.24931
0.00328 0.21684 0.01853 0.06063 0.10533 0.09729 0.49810
0.00000 0.00023 0.00000 0.00013 0.99919 0.00018 0.00027
0.02729 0.06683 0.11104 0.22392 0.00221 0.51285 0.05587
0.00430 0.90096 0.03335 0.01297 0.00024 0.02399 0.02419
0.01043 0.03125 0.29915 0.03349 0.04638 0.48023 0.09908
0.03288 0.24827 0.08665 0.10121 0.23899 0.06814 0.22386
0.00077 0.00040 0.00955 0.01124 0.00005 0.97759 0.00040
0.00445 0.10149 0.45023 0.00973 0.00270 0.40096 0.03044
0.00513 0.00559 0.06049 0.03041 0.00017 0.88381 0.01440
0.00487 0.05254 0.00483 0.05451 0.00090 0.86099 0.02136
0.00625 0.64654 0.02774 0.01294 0.00524 0.23645 0.06484
0.10601 0.01822 0.03692 0.54888 0.00252 0.19157 0.09589
0.01179 0.00165 0.02748 0.03788 0.00012 0.88607 0.03502
0.00259 0.76654 0.01121 0.00995 0.00185 0.18045 0.02741
0.07867 0.17372 0.40729 0.01126 0.01239 0.10178 0.21489
0.10390 0.05899 0.03767 0.27405 0.00230 0.39529 0.12781
0.00984 0.77611 0.00824 0.14624 0.00021 0.04781 0.01155
0.05646 0.02698 0.62134 0.04251 0.00810 0.07641 0.16820
0.07629 0.42203 0.21524 0.08583 0.00484 0.04869 0.14708
0.00129 0.20594 0.46758 0.00380 0.00088 0.21450 0.10602
0.00030 0.10121 0.00180 0.00710 0.79503 0.03296 0.06158
0.02191 0.13248 0.48508 0.00537 0.00028 0.01291 0.34197
0.01356 0.06410 0.06993 0.18026 0.01216 0.60454 0.05544
0.00927 0.83206 0.00508 0.04336 0.00898 0.04003 0.06123
0.00117 0.29165 0.00100 0.11415 0.00019 0.58819 0.00366
0.15742 0.14231 0.06515 0.30234 0.00127 0.23266 0.09885
0.00012 0.61750 0.02122 0.00115 0.00014 0.35837 0.00151
0.01749 0.10954 0.00353 0.67397 0.00223 0.14505 0.04819
0.04929 0.14301 0.03541 0.05321 0.10186 0.39790 0.21933
0.11986 0.07751 0.07558 0.31283 0.00088 0.28634 0.12700
0.27742 0.01941 0.01422 0.54962 0.00037 0.08074 0.05823
0.00412 0.00325 0.04044 0.11209 0.00036 0.83611 0.00363
0.16002 0.01340 0.03598 0.26849 0.00997 0.33789 0.17425
0.02142 0.02603 0.00233 0.77364 0.00041 0.15717 0.01900
0.03288 0.24827 0.08665 0.10121 0.23899 0.06814 0.22386
0.00633 0.81059 0.13945 0.00164 0.00023 0.00487 0.03690
0.00706 0.02796 0.90062 0.00186 0.00045 0.03837 0.02368
0.00016 0.00192 0.00137 0.00904 0.00039 0.98572 0.00140
0.03288 0.24827 0.08665 0.10121 0.23899 0.06814 0.22386
0.00257 0.23984 0.00332 0.00476 0.67099 0.03679 0.04174
0.01505 0.09497 0.09101 0.08110 0.00520 0.65925 0.05342
0.00558 0.01221 0.01085 0.54175 0.00024 0.42161 0.00776
0.00040 0.00115 0.00508 0.03147 0.00033 0.95967 0.00191
0.06452 0.00560 0.09533 0.16681 0.00050 0.63117 0.03607
0.00015 0.99826 0.00088 0.00004 0.00000 0.00044 0.00023
0.13287 0.82248 0.01989 0.00029 0.00015 0.00504 0.01928
0.01229 0.50864 0.03149 0.01428 0.01161 0.18576 0.23592
0.02271 0.01622 0.13332 0.07692 0.00011 0.73649 0.01422
0.00019 0.03563 0.00082 0.01288 0.77963 0.12593 0.04492
0.06387 0.18449 0.01709 0.10181 0.00116 0.53540 0.09618
0.02070 0.27607 0.32082 0.07865 0.01343 0.09325 0.19709
0.01549 0.50580 0.00163 0.20280 0.09664 0.11832 0.05931
0.00004 0.00022 0.00196 0.01189 0.00031 0.98486 0.00072
0.00755 0.11262 0.15836 0.09581 0.00522 0.52489 0.09556
0.04018 0.00936 0.03014 0.51192 0.00108 0.40125 0.00608
0.00186 0.96137 0.00033 0.01243 0.00364 0.00809 0.01229
0.08032 0.08305 0.19742 0.07331 0.02237 0.30570 0.23783
0.17848 0.46162 0.01689 0.22549 0.00088 0.01076 0.10589
0.24706 0.06002 0.05280 0.09579 0.00090 0.50344 0.03999
0.09934 0.15130 0.11827 0.08354 0.01933 0.35173 0.17648
0.00785 0.31170 0.19369 0.00909 0.00021 0.05272 0.42474
0.00503 0.22038 0.05573 0.00975 0.25724 0.11143 0.34043
0.22996 0.31621 0.00826 0.03850 0.00301 0.25325 0.15081
0.01519 0.03569 0.02639 0.25011 0.00185 0.61846 0.05231
0.01348 0.27545 0.64594 0.00292 0.00042 0.01129 0.05051
0.02057 0.04906 0.02112 0.15482 0.00056 0.69706 0.05683
0.80964 0.00914 0.13607 0.01698 0.00003 0.00052 0.02761
0.00255 0.36076 0.14056 0.02049 0.01255 0.31907 0.14401
0.00756 0.18482 0.11034 0.03209 0.10933 0.06984 0.48601
0.00934 0.13639 0.13584 0.20698 0.00177 0.39947 0.11022
0.07796 0.03901 0.04459 0.40673 0.00613 0.29031 0.13527
0.07543 0.11744 0.07470 0.23990 0.00830 0.33543 0.14880
0.00358 0.03257 0.08143 0.00703 0.00030 0.85315 0.02194
0.00001 0.00114 0.00000 0.00025 0.99755 0.00074 0.00031
0.00341 0.01097 0.04216 0.61883 0.00011 0.31736 0.00715
0.02042 0.10784 0.05203 0.06035 0.00202 0.70998 0.04735
0.06130 0.19044 0.23126 0.07135 0.03941 0.15374 0.25250
0.00000 0.00021 0.00000 0.00005 0.99929 0.00005 0.00039
0.01674 0.06217 0.22748 0.35635 0.00065 0.25817 0.07845
0.06941 0.18153 0.06876 0.16631 0.01733 0.23480 0.26186
0.00055 0.08642 0.00476 0.12503 0.00491 0.72929 0.04903
0.04735 0.07507 0.00503 0.78687 0.00062 0.06740 0.01766
0.45212 0.03895 0.14300 0.02622 0.00320 0.16945 0.16706
0.07019 0.00859 0.00982 0.79516 0.00021 0.08002 0.03601
0.08267 0.53150 0.24315 0.00683 0.00790 0.03344 0.09450
0.05203 0.14096 0.09475 0.19586 0.02142 0.29027 0.20470
0.00690 0.00545 0.00319 0.76473 0.00405 0.18173 0.03396
0.03507 0.04973 0.08533 0.12892 0.00064 0.35559 0.34471
0.00202 0.27156 0.06339 0.02300 0.00411 0.60963 0.02629
0.00494 0.17587 0.12598 0.02737 0.03927 0.46992 0.15663
0.09554 0.22164 0.01272 0.28720 0.00282 0.28882 0.09126
0.01915 0.26536 0.00922 0.01805 0.18403 0.39005 0.11415
0.05942 0.04831 0.01000 0.46800 0.00187 0.33023 0.08217
0.00860 0.29622 0.34653 0.01925 0.01052 0.18890 0.13000
0.02149 0.01754 0.00079 0.92459 0.00006 0.03074 0.00478
0.00765 0.08112 0.01863 0.07259 0.00147 0.79078 0.02776
0.09006 0.83658 0.00503 0.03214 0.00035 0.00467 0.03117
0.00933 0.06872 0.04028 0.34824 0.00127 0.49932 0.03284
0.04490 0.68101 0.01320 0.03250 0.06730 0.07012 0.09098
0.02569 0.20797 0.47480 0.00755 0.04688 0.04551 0.19160
0.00000 0.01829 0.00000 0.00004 0.97763 0.00396 0.00007
0.07960 0.18918 0.29868 0.06982 0.25195 0.04259 0.06817
0.04679 0.06078 0.00049 0.86849 0.00023 0.01446 0.00877
0.03361 0.05868 0.01509 0.33899 0.00190 0.49717 0.05456
0.00448 0.02811 0.07484 0.15091 0.00613 0.64942 0.08611
0.00004 0.01041 0.00011 0.00492 0.90821 0.02597 0.05035
0.81191 0.05081 0.00413 0.03745 0.00015 0.04819 0.04736
0.08111 0.05537 0.00633 0.48299 0.00351 0.29273 0.07795
0.00000 1.00000 0.00000 0.00000 0.00000 0.00000 0.00000
0.00295 0.28656 0.00552 0.20886 0.01221 0.28155 0.20235
0.02142 0.05154 0.53340 0.01476 0.05874 0.04007 0.28006
0.01349 0.01566 0.07229 0.04685 0.00119 0.83402 0.01650
0.00308 0.88768 0.02029 0.01699 0.00057 0.04607 0.02533
0.02303 0.12390 0.02819 0.14702 0.00344 0.53290 0.14152
0.00103 0.00398 0.02957 0.00638 0.00027 0.95597 0.00280
0.08753 0.13519 0.16668 0.06758 0.01864 0.42024 0.10414
0.01784 0.02597 0.01751 0.03142 0.00027 0.89174 0.01524
0.00929 0.01262 0.01952 0.23399 0.00128 0.71956 0.00374
0.00022 0.01190 0.00253 0.07463 0.00457 0.87766 0.02848
0.00157 0.04135 0.00385 0.87860 0.00027 0.06750 0.00686
0.00235 0.07330 0.02354 0.07947 0.00381 0.07013 0.74741
0.00104 0.00517 0.00479 0.11226 0.00253 0.85993 0.01428
0.08675 0.02409 0.09639 0.16621 0.00998 0.44839 0.16818
0.02035 0.29739 0.00106 0.55174 0.00057 0.08222 0.04667
0.03167 0.09393 0.01069 0.52981 0.00053 0.29253 0.04084
0.00857 0.09776 0.02421 0.29326 0.00599 0.49811 0.07209
0.00070 0.88195 0.07191 0.00071 0.01973 0.01102 0.01399
0.00000 0.00048 0.00000 0.00001 0.99933 0.00017 0.00001
0.00723 0.01767 0.73661 0.02981 0.00281 0.09597 0.10990
0.00685 0.04611 0.04018 0.07577 0.00111 0.81483 0.01515
0.09218 0.10400 0.30892 0.08023 0.00164 0.37452 0.03851
0.02465 0.14502 0.00987 0.05117 0.00086 0.68934 0.07909
0.00212 0.11588 0.00158 0.75943 0.00048 0.11364 0.00686
0.25762 0.20629 0.00570 0.18686 0.00801 0.17967 0.15585
0.08226 0.09959 0.15736 0.23211 0.03077 0.13279 0.26511
0.00172 0.01187 0.14591 0.00520 0.45133 0.10194 0.28204
0.01048 0.03822 0.66121 0.01336 0.00728 0.19501 0.07444
0.03873 0.20251 0.01979 0.38210 0.00052 0.33108 0.02525
0.02138 0.62225 0.07728 0.06245 0.00279 0.01426 0.19959
0.95592 0.01690 0.00013 0.02374 0.00001 0.00039 0.00292
0.01192 0.00075 0.01384 0.06504 0.00157 0.70632 0.20056
0.00682 0.04543 0.11342 0.02150 0.22573 0.13037 0.45672
0.02572 0.50390 0.13289 0.02218 0.02385 0.10856 0.18290
0.00565 0.02411 0.12798 0.02163 0.01051 0.78304 0.02707
0.12589 0.02124 0.67300 0.01286 0.00082 0.09408 0.07211
0.00656 0.02295 0.00395 0.80815 0.00042 0.13822 0.01973
0.11712 0.01149 0.01880 0.68537 0.00403 0.06453 0.09866
0.09479 0.04128 0.04881 0.21629 0.00720 0.34873 0.24291
0.00018 0.00219 0.00014 0.00488 0.97808 0.00500 0.00953
0.03677 0.16599 0.11608 0.07294 0.28241 0.06839 0.25741
0.00884 0.51133 0.01905 0.22955 0.00013 0.20211 0.02899
0.00022 0.10238 0.00396 0.00442 0.00478 0.88080 0.00343
0.03288 0.24827 0.08665 0.10121 0.23899 0.06814 0.22386
0.34241 0.01806 0.03029 0.27828 0.00232 0.23079 0.09785
0.03821 0.02201 0.06809 0.37863 0.00074 0.42566 0.06666
0.03288 0.24827 0.08665 0.10121 0.23899 0.06814 0.22386
0.00005 0.04877 0.00165 0.00281 0.00000 0.94657 0.00015
0.00478 0.05622 0.00376 0.01129 0.88442 0.01154 0.02798
0.68532 0.01629 0.00122 0.24084 0.00028 0.02768 0.02836
0.00668 0.61760 0.15806 0.00794 0.01573 0.10522 0.08878
0.00671 0.84643 0.10065 0.01443 0.00025 0.00982 0.02173
0.00976 0.78713 0.01371 0.01172 0.00161 0.08587 0.09020
0.00132 0.02277 0.11490 0.10113 0.00024 0.75267 0.00697
0.08056 0.00447 0.01857 0.77631 0.00030 0.06559 0.05419
0.14236 0.13913 0.05858 0.30291 0.00225 0.19623 0.15854
0.01073 0.03339 0.36215 0.05427 0.02296 0.43687 0.07964
0.00766 0.18626 0.07632 0.01924 0.39074 0.07517 0.24460
0.03436 0.06917 0.01877 0.02088 0.10001 0.06673 0.69006
0.00197 0.08957 0.01129 0.08119 0.19631 0.23634 0.38334
0.00474 0.00249 0.00988 0.64769 0.00052 0.32018 0.01449
0.12541 0.04865 0.27208 0.14382 0.00436 0.34825 0.05744
0.00007 0.00268 0.00003 0.00467 0.96242 0.00410 0.02603
0.38547 0.07219 0.17395 0.10136 0.01317 0.06236 0.19151
0.00004 0.00226 0.00001 0.00011 0.99589 0.00042 0.00127
0.09216 0.34147 0.21408 0.02120 0.01978 0.12389 0.18742
0.02189 0.29924 0.23278 0.03840 0.00010 0.37851 0.02908
0.05156 0.09235 0.02030 0.50622 0.00388 0.19142 0.13427
0.00085 0.02649 0.02376 0.02025 0.34838 0.14727 0.43300
0.18676 0.08547 0.08235 0.18351 0.00826 0.39777 0.05589
0.09773 0.10754 0.02572 0.47795 0.00203 0.17881 0.11022
0.01930 0.05950 0.15221 0.06883 0.00022 0.68580 0.01415
0.77515 0.00075 0.00856 0.16600 0.00010 0.03902 0.01042
0.00833 0.08951 0.07778 0.21194 0.00533 0.48752 0.11959
0.02185 0.10671 0.05283 0.13014 0.00071 0.66887 0.01888
0.13871 0.06822 0.13715 0.29703 0.01873 0.13762 0.20255
0.22068 0.07714 0.00175 0.62471 0.00038 0.06472 0.01061
0.08073 0.22118 0.05849 0.09818 0.03315 0.29603 0.21224
0.14531 0.06272 0.02864 0.34596 0.00670 0.37008 0.04059
0.03862 0.14109 0.25962 0.15513 0.01175 0.36927 0.02452
0.00101 0.00056 0.00019 0.99259 0.00001 0.00457 0.00107
0.00955 0.04084 0.00333 0.67482 0.00049 0.24575 0.02522
0.07396 0.12809 0.15566 0.14269 0.10386 0.10886 0.28688
0.00004 0.88706 0.00775 0.00025 0.00138 0.08143 0.02208
0.00298 0.00906 0.02268 0.56955 0.00053 0.38247 0.01273
0.00071 0.03683 0.00437 0.14672 0.00305 0.79789 0.01044
0.00744 0.59427 0.16162 0.02462 0.03590 0.03882 0.13734
0.14586 0.02525 0.60116 0.08087 0.00250 0.02447 0.11989
0.00512 0.76064 0.05117 0.11338 0.00110 0.04752 0.02107
0.42322 0.02343 0.08070 0.12696 0.00165 0.23754 0.10650
0.00831 0.60150 0.05352 0.05545 0.00020 0.24093 0.04008
0.00829 0.41204 0.02970 0.02819 0.15336 0.26013 0.10829
0.01514 0.15836 0.01228 0.25907 0.00099 0.51828 0.03588
0.00088 0.12920 0.03180 0.03305 0.00058 0.79906 0.00543
0.03288 0.24827 0.08665 0.10121 0.23899 0.06814 0.22386
0.01753 0.48628 0.00203 0.28428 0.13910 0.01214 0.05862
0.00117 0.98693 0.00067 0.00098 0.00003 0.00072 0.00950
0.02843 0.03506 0.01003 0.78214 0.00268 0.08038 0.06128
0.10552 0.33195 0.24043 0.01085 0.00451 0.20402 0.10271
0.00406 0.01876 0.00877 0.00696 0.84263 0.04373 0.07509
0.00427 0.01391 0.04427 0.07218 0.00590 0.84920 0.01026
0.78029 0.02631 0.01492 0.03956 0.00040 0.08425 0.05428
0.01032 0.38734 0.01069 0.05139 0.01926 0.40626 0.11474
0.01633 0.61816 0.04311 0.02640 0.03048 0.09421 0.17130
0.00033 0.00771 0.00272 0.00895 0.00053 0.97729 0.00246
0.00067 0.00837 0.01065 0.06216 0.00404 0.90662 0.00748
0.16283 0.02179 0.04721 0.56276 0.00268 0.10398 0.09874
0.01817 0.03297 0.34460 0.05668 0.00682 0.47665 0.06411
0.30354 0.17357 0.00779 0.02119 0.00069 0.32919 0.16404
0.15897 0.04742 0.16271 0.20062 0.01011 0.20929 0.21088
0.04284 0.06513 0.03539 0.37002 0.00401 0.45440 0.02821
0.06792 0.21469 0.01244 0.29275 0.00069 0.36969 0.04182
0.00021 0.02428 0.00050 0.00396 0.91960 0.00362 0.04783
0.00772 0.08446 0.06379 0.07738 0.00165 0.68788 0.07712
0.00380 0.09040 0.02357 0.10525 0.00088 0.69125 0.08486
0.03942 0.80754 0.01035 0.07059 0.00005 0.06721 0.00483
0.00114 0.00142 0.00572 0.21456 0.00267 0.76717 0.00733
0.00001 0.00023 0.00001 0.00011 0.99799 0.00037 0.00129
0.00057 0.01472 0.00022 0.00694 0.92811 0.03015 0.01929
0.00617 0.00941 0.04305 0.06394 0.00207 0.86723 0.00814
0.16989 0.02994 0.20918 0.20254 0.00410 0.25821 0.12613
0.00012 0.57433 0.00004 0.00716 0.35747 0.03007 0.03081
0.00259 0.07012 0.06010 0.17483 0.01232 0.63596 0.04408
0.02434 0.21215 0.13169 0.03004 0.01148 0.22516 0.36514
0.01831 0.07290 0.02280 0.26686 0.02568 0.42566 0.16779
0.10427 0.34839 0.08222 0.04640 0.00689 0.16230 0.24953
0.00507 0.81936 0.00654 0.00866 0.00035 0.14239 0.01762
0.16775 0.07545 0.04393 0.42957 0.00285 0.18496 0.09550
0.00040 0.29576 0.03496 0.00157 0.00251 0.52332 0.14148
0.00862 0.56926 0.00215 0.01561 0.10277 0.21389 0.08770
0.00031 0.40673 0.04064 0.00050 0.00017 0.47749 0.07415
0.01694 0.60927 0.01241 0.03419 0.00102 0.30968 0.01649
0.15215 0.11339 0.11122 0.30240 0.00163 0.24347 0.07573
0.00314 0.00556 0.47559 0.00935 0.00066 0.49367 0.01203
0.00364 0.15149 0.00966 0.09997 0.00704 0.68987 0.03833
0.00442 0.03062 0.23923 0.28354 0.00706 0.17437 0.26076
0.00031 0.98634 0.00045 0.00061 0.00089 0.00901 0.00238
0.00007 0.00059 0.00005 0.00023 0.99504 0.00112 0.00289
0.00582 0.03099 0.01044 0.00636 0.00127 0.91815 0.02697
0.00293 0.88736 0.00329 0.02140 0.00510 0.05685 0.02306
0.57250 0.20906 0.13344 0.00143 0.00016 0.02841 0.05500
0.00165 0.45873 0.32240 0.00321 0.00309 0.08837 0.12255
0.00509 0.35393 0.02646 0.05689 0.00508 0.49053 0.06202
0.00068 0.38733 0.00412 0.33743 0.01098 0.24967 0.00979
0.10932 0.04561 0.01030 0.47317 0.00141 0.29834 0.06184
0.00148 0.17697 0.02033 0.00751 0.61137 0.03199 0.15036
0.24686 0.54706 0.01217 0.12655 0.00169 0.01834 0.04733
0.00119 0.00648 0.00145 0.90500 0.00016 0.07704 0.00867
0.03860 0.01029 0.86957 0.00879 0.00060 0.03866 0.03347
0.00031 0.02143 0.01350 0.00049 0.00254 0.95563 0.00610
0.00153 0.24903 0.00682 0.02280 0.13177 0.03999 0.54805
0.06593 0.00605 0.01420 0.64310 0.00400 0.10057 0.16615
0.00384 0.02770 0.08775 0.04459 0.00074 0.82193 0.01345
0.00000 0.00008 0.00000 0.00003 0.99975 0.00005 0.00010
0.00434 0.00076 0.01292 0.01183 0.00139 0.96230 0.00646
0.03288 0.24827 0.08665 0.10121 0.23899 0.06814 0.22386
0.00068 0.00116 0.01014 0.00695 0.00084 0.90297 0.07726
0.00869 0.00137 0.00432 0.26148 0.05465 0.66288 0.00661
0.00601 0.03905 0.01817 0.56815 0.00151 0.34555 0.02155
0.54003 0.01932 0.06867 0.14650 0.00068 0.10594 0.11886
0.00006 0.99899 0.00002 0.00005 0.00000 0.00082 0.00005
0.00000 0.99997 0.00000 0.00001 0.00000 0.00002 0.00000
0.00038 0.69753 0.00527 0.01485 0.17425 0.03887 0.06885
0.03412 0.06144 0.00282 0.69249 0.00041 0.19724 0.01148
0.00007 0.00139 0.00007 0.00050 0.98941 0.00116 0.00740
0.05655 0.00219 0.02178 0.12215 0.00279 0.76521 0.02934
0.00006 0.00102 0.00025 0.00019 0.99338 0.00098 0.00412
0.01812 0.18992 0.02817 0.56385 0.00051 0.14589 0.05354
0.00028 0.97824 0.00085 0.00066 0.00738 0.00827 0.00433
0.00908 0.02093 0.03672 0.05360 0.02110 0.53821 0.32036
0.01090 0.27942 0.00538 0.19180 0.04962 0.42813 0.03474
0.05345 0.07282 0.02201 0.64239 0.00153 0.15758 0.05022
0.04749 0.01491 0.02720 0.62110 0.00068 0.23517 0.05345
0.00645 0.08064 0.49973 0.00719 0.00017 0.24775 0.15808
0.03591 0.07487 0.28054 0.04811 0.03158 0.26349 0.26550
0.00000 0.00200 0.00000 0.00003 0.99725 0.00071 0.00001
0.03990 0.04559 0.02331 0.54202 0.00061 0.28187 0.06670
0.03288 0.24827 0.08665 0.10121 0.23899 0.06814 0.22386
0.00275 0.00439 0.02268 0.03558 0.00117 0.92861 0.00482
0.00346 0.00710 0.04565 0.02813 0.41595 0.05680 0.44291
0.00834 0.36933 0.01696 0.02444 0.07859 0.38219 0.12015
0.01014 0.10397 0.04272 0.16073 0.00109 0.59634 0.08501
0.41394 0.36555 0.01908 0.00314 0.00065 0.03353 0.16411
0.12202 0.08115 0.03755 0.14434 0.00730 0.51300 0.09464
0.01815 0.08644 0.10691 0.32740 0.00057 0.44125 0.01928
0.11635 0.04534 0.08571 0.25485 0.00161 0.34684 0.14930
0.03288 0.24827 0.08665 0.10121 0.23899 0.06814 0.22386
0.00005 0.00201 0.00076 0.00071 0.88273 0.00101 0.11273
0.01132 0.10298 0.00193 0.75402 0.00087 0.10655 0.02233
0.02126 0.00368 0.00042 0.94185 0.00097 0.01948 0.01235
0.52021 0.03673 0.05927 0.17642 0.00077 0.11215 0.09445
0.00868 0.03707 0.49293 0.01637 0.00422 0.36560 0.07513
0.08655 0.03658 0.07093 0.07931 0.00939 0.28608 0.43115
0.00668 0.17648 0.00959 0.01391 0.41458 0.16524 0.21353
0.01469 0.03527 0.01237 0.79545 0.00186 0.13250 0.00786
0.00110 0.01611 0.03008 0.00916 0.00006 0.93893 0.00456
0.02306 0.30221 0.11958 0.04703 0.02185 0.39724 0.08903
0.21151 0.03661 0.04014 0.50204 0.00323 0.11318 0.09329
0.04073 0.11243 0.26884 0.04053 0.05578 0.12811 0.35359
0.17752 0.15909 0.02289 0.23466 0.00351 0.31263 0.08970
0.11732 0.14525 0.17636 0.19560 0.00394 0.23044 0.13108
0.04008 0.05926 0.11400 0.17308 0.02439 0.38997 0.19923
0.04735 0.07507 0.00503 0.78687 0.00062 0.06740 0.01766
0.00011 0.35678 0.01233 0.00159 0.00001 0.62570 0.00348
0.00504 0.01657 0.13782 0.08838 0.00239 0.73819 0.01161
0.03288 0.24827 0.08665 0.10121 0.23899 0.06814 0.22386
0.00011 0.72059 0.00073 0.25826 0.00005 0.01961 0.00065
0.89791 0.00554 0.00133 0.08160 0.00004 0.00354 0.01005
0.00541 0.10506 0.02848 0.06946 0.00923 0.54288 0.23948
0.00094 0.00193 0.00600 0.01090 0.02608 0.05587 0.89828
0.55968 0.03302 0.03609 0.19804 0.00084 0.12213 0.05019
0.01531 0.19860 0.02198 0.04047 0.00215 0.64935 0.07214
0.00045 0.03496 0.90966 0.00068 0.00016 0.04084 0.01325
0.00034 0.00087 0.00231 0.00044 0.00001 0.99394 0.00209
0.00725 0.23231 0.00276 0.68719 0.00008 0.06602 0.00439
0.00014 0.25555 0.00003 0.00290 0.69843 0.04035 0.00260
0.02525 0.71166 0.00935 0.07356 0.00120 0.14873 0.03025
0.02978 0.13316 0.08014 0.02251 0.28233 0.17950 0.27259
0.41270 0.12864 0.00158 0.42384 0.00010 0.01581 0.01733
0.21108 0.77655 0.00044 0.00480 0.00004 0.00022 0.00688
0.00533 0.02892 0.66837 0.01126 0.00697 0.22051 0.05864
0.06891 0.00147 0.00241 0.68580 0.00138 0.16522 0.07480
0.04706 0.02051 0.02725 0.62758 0.00157 0.20568 0.07034
0.01018 0.73852 0.09204 0.04504 0.00031 0.02703 0.08688
0.00025 0.09711 0.00122 0.07283 0.00675 0.75501 0.06683
0.03288 0.24827 0.08665 0.10121 0.23899 0.06814 0.22386
0.00105 0.99551 0.00006 0.00004 0.00000 0.00325 0.00009
0.00007 0.76157 0.00414 0.00043 0.15469 0.01609 0.06302
0.00000 0.99998 0.00000 0.00000 0.00000 0.00002 0.00000
0.07431 0.66088 0.01503 0.11715 0.00022 0.12736 0.00506
0.00094 0.08108 0.00460 0.03088 0.64368 0.02861 0.21021
0.03288 0.24827 0.08665 0.10121 0.23899 0.06814 0.22386
0.00000 0.00822 0.00000 0.00003 0.98998 0.00116 0.00061
0.00220 0.03942 0.01766 0.15360 0.00042 0.78096 0.00574
0.03140 0.00646 0.07212 0.34221 0.00655 0.51950 0.02175
0.01628 0.06153 0.25382 0.14082 0.00130 0.44330 0.08295
0.02331 0.13281 0.13851 0.06629 0.12807 0.21778 0.29323
0.50352 0.17122 0.01965 0.01962 0.00366 0.19225 0.09007
0.03929 0.00980 0.01832 0.70093 0.00030 0.19712 0.03424
0.01210 0.06708 0.02740 0.07619 0.29354 0.43902 0.08469
0.03409 0.31211 0.06543 0.13401 0.01574 0.25812 0.18050
0.00427 0.04309 0.20873 0.02419 0.00309 0.68432 0.03231
0.05663 0.03348 0.30040 0.06896 0.00081 0.51006 0.02966
0.00000 0.00455 0.00000 0.00002 0.99436 0.00105 0.00002
0.26379 0.01123 0.06046 0.30270 0.00062 0.29301 0.06819
0.00036 0.00389 0.00009 0.98156 0.00000 0.01310 0.00100
0.04609 0.15729 0.18477 0.06098 0.04687 0.24951 0.25450
0.03721 0.05215 0.02616 0.12190 0.00202 0.64727 0.11329
0.00025 0.00354 0.00014 0.00541 0.97971 0.00423 0.00671
0.02631 0.02686 0.38996 0.03601 0.01202 0.36147 0.14738
0.00721 0.28393 0.00261 0.11633 0.34419 0.19971 0.04602
0.02709 0.31291 0.01653 0.03792 0.03332 0.42590 0.14633
0.00000 0.99974 0.00011 0.00000 0.00000 0.00014 0.00000
0.07606 0.64677 0.14771 0.02997 0.02928 0.01121 0.05900
0.02462 0.11325 0.15545 0.23556 0.00502 0.34458 0.12151
0.00982 0.13986 0.00789 0.45297 0.00766 0.18330 0.19850
0.00373 0.22967 0.37876 0.00180 0.08647 0.10048 0.19909
0.05345 0.07282 0.02201 0.64239 0.00153 0.15758 0.05022
0.00000 0.99972 0.00000 0.00002 0.00000 0.00026 0.00000
0.00821 0.12830 0.01033 0.02056 0.67724 0.01843 0.13692
0.31868 0.67633 0.00235 0.00083 0.00001 0.00009 0.00172
0.00010 0.02465 0.00161 0.15862 0.05167 0.28852 0.47482
0.09804 0.62448 0.00318 0.02938 0.00231 0.19534 0.04727
0.03324 0.16256 0.19363 0.03724 0.00292 0.19831 0.37210
0.03397 0.44116 0.01392 0.11020 0.00050 0.36076 0.03949
0.01481 0.49598 0.00898 0.02531 0.16150 0.13285 0.16058
0.00526 0.43926 0.00183 0.29373 0.01713 0.19594 0.04685
0.01701 0.20366 0.06127 0.38656 0.00894 0.28824 0.03432
0.02485 0.27048 0.01607 0.02825 0.20805 0.17058 0.28172
0.02237 0.00330 0.00395 0.91699 0.00006 0.04076 0.01257
0.00111 0.41733 0.00279 0.02679 0.00014 0.54473 0.00713
0.03342 0.11970 0.02597 0.06565 0.00117 0.62958 0.12449
0.01017 0.01517 0.03007 0.25258 0.00101 0.67466 0.01634
0.00490 0.00821 0.27572 0.01899 0.00062 0.67797 0.01360
0.00782 0.21429 0.10975 0.00653 0.00398 0.54168 0.11595
0.00526 0.02466 0.22944 0.03042 0.00726 0.67594 0.02702
0.00526 0.29563 0.00390 0.60940 0.00041 0.07043 0.01496
0.06628 0.01345 0.44386 0.14360 0.00169 0.30606 0.02505
0.34316 0.08664 0.04491 0.11564 0.00189 0.26734 0.14043
0.05392 0.16769 0.07839 0.37232 0.01348 0.16870 0.14550
0.01530 0.20564 0.03984 0.02256 0.06016 0.16782 0.48868
0.00000 1.00000 0.00000 0.00000 0.00000 0.00000 0.00000
0.02882 0.37509 0.03922 0.05717 0.02551 0.30728 0.16691
0.25318 0.06212 0.02130 0.24188 0.00294 0.26887 0.14971
0.02015 0.36075 0.10594 0.02538 0.01913 0.34280 0.12585
0.10830 0.32120 0.01760 0.38232 0.00441 0.09361 0.07255
0.00032 0.03389 0.00998 0.01326 0.61995 0.02764 0.29497
0.00404 0.21290 0.00715 0.38287 0.00057 0.36758 0.02490
0.00295 0.52608 0.01235 0.01872 0.37509 0.04849 0.01632
0.01614 0.17998 0.02302 0.07117 0.01959 0.08780 0.60230
0.01247 0.19365 0.17584 0.14634 0.00255 0.40588 0.06327
0.01088 0.84186 0.04031 0.00481 0.01119 0.01589 0.07505
0.00350 0.09487 0.15010 0.01974 0.17999 0.24093 0.31086
0.00155 0.00448 0.98326 0.00125 0.00002 0.00513 0.00430
0.00201 0.02219 0.00170 0.71756 0.00027 0.24753 0.00874
0.00009 0.00119 0.00007 0.00092 0.99488 0.00093 0.00192
0.00002 0.00731 0.00058 0.00179 0.89955 0.01519 0.07556
0.00070 0.01457 0.22279 0.02391 0.00201 0.63968 0.09634
0.00022 0.96485 0.00846 0.00124 0.00023 0.01251 0.01249
0.00053 0.00302 0.00226 0.26909 0.00024 0.72396 0.00089
0.03288 0.24827 0.08665 0.10121 0.23899 0.06814 0.22386
0.11056 0.00822 0.05625 0.43899 0.00161 0.34086 0.04351
0.42595 0.05632 0.18961 0.06502 0.00392 0.10993 0.14924
0.00360 0.06804 0.71051 0.00971 0.00072 0.16614 0.04128
0.31278 0.00839 0.12016 0.13870 0.00056 0.35602 0.06338
0.43937 0.23522 0.01586 0.08402 0.00446 0.14643 0.07465
0.00001 0.00941 0.00000 0.00017 0.98899 0.00074 0.00068
0.05300 0.12177 0.04122 0.29259 0.00557 0.37046 0.11538
0.43508 0.02093 0.03802 0.24610 0.00027 0.22794 0.03166
0.02200 0.01582 0.06155 0.01505 0.00036 0.86242 0.02281
0.00218 0.79670 0.00144 0.04958 0.00125 0.14617 0.00269
0.00008 0.00581 0.00013 0.98303 0.00000 0.01019 0.00075
0.00558 0.17323 0.00634 0.06627 0.39470 0.26020 0.09368
0.07003 0.07586 0.59930 0.02231 0.00454 0.18956 0.03839
0.00000 0.00013 0.00000 0.00001 0.99971 0.00001 0.00014
0.00002 0.00035 0.00004 0.00010 0.99704 0.00045 0.00200
0.03288 0.24827 0.08665 0.10121 0.23899 0.06814 0.22386
0.00583 0.00860 0.01498 0.65756 0.00145 0.24208 0.06950
0.00005 0.99563 0.00343 0.00000 0.00000 0.00083 0.00005
0.01418 0.69684 0.00035 0.07608 0.00020 0.21052 0.00184
0.00222 0.00044 0.01139 0.05667 0.00103 0.82486 0.10338
0.03566 0.11726 0.01562 0.19018 0.00377 0.58261 0.05491
0.00284 0.40709 0.03065 0.04836 0.00763 0.18408 0.31935
0.01031 0.00443 0.00979 0.87500 0.00048 0.08037 0.01962
0.00022 0.01878 0.00008 0.00141 0.97272 0.00134 0.00545
0.00063 0.00308 0.00061 0.97788 0.00000 0.01753 0.00027
0.03288 0.24827 0.08665 0.10121 0.23899 0.06814 0.22386
0.10693 0.29955 0.05956 0.16090 0.00799 0.11440 0.25067
0.00074 0.01377 0.00287 0.05650 0.00010 0.91376 0.01226
0.28615 0.06514 0.16327 0.31476 0.00166 0.11897 0.05004
0.00053 0.01995 0.00017 0.00405 0.95562 0.01118 0.00850
0.03288 0.24827 0.08665 0.10121 0.23899 0.06814 0.22386
0.00093 0.71711 0.02264 0.00372 0.17823 0.02869 0.04868
0.01038 0.28493 0.14968 0.07636 0.00743 0.41700 0.05423
0.01709 0.17527 0.04751 0.02851 0.36145 0.17267 0.19750
0.01094 0.12585 0.04941 0.12600 0.01921 0.54265 0.12594
0.56310 0.06856 0.20407 0.04438 0.00086 0.02608 0.09295
0.00037 0.00991 0.00088 0.00172 0.96447 0.00417 0.01847
0.00000 1.00000 0.00000 0.00000 0.00000 0.00000 0.00000
0.00483 0.03615 0.00971 0.50248 0.00200 0.41536 0.02947
0.12026 0.06220 0.14158 0.16741 0.01135 0.43255 0.06464
0.00703 0.08180 0.00371 0.62731 0.00140 0.26395 0.01479
0.00415 0.15522 0.06591 0.04295 0.04776 0.47130 0.21271
0.00018 0.98691 0.00031 0.00926 0.00004 0.00048 0.00282
0.15951 0.03645 0.28296 0.03373 0.00685 0.16405 0.31645
0.16326 0.08090 0.54327 0.07880 0.00040 0.07766 0.05572
0.31355 0.00920 0.14248 0.22138 0.00184 0.23956 0.07198
0.00002 0.00029 0.00002 0.00004 0.99853 0.00017 0.00094
0.00013 0.24215 0.00439 0.00806 0.00851 0.73225 0.00451
0.02566 0.41229 0.03178 0.23321 0.00631 0.22270 0.06804
0.00519 0.06248 0.10429 0.04415 0.02190 0.69805 0.06394
0.00105 0.62914 0.01857 0.00460 0.01224 0.31151 0.02289
0.17029 0.05533 0.04238 0.48773 0.00268 0.14209 0.09950
0.00000 0.00036 0.00002 0.00000 0.99830 0.00001 0.00131
0.03983 0.35272 0.03384 0.35079 0.00068 0.16758 0.05456
0.06203 0.15491 0.02230 0.34844 0.00413 0.32105 0.08714
0.03288 0.24827 0.08665 0.10121 0.23899 0.06814 0.22386
0.07086 0.01667 0.08912 0.08090 0.00074 0.72565 0.01605
0.00257 0.01668 0.00426 0.05275 0.00014 0.91909 0.00452
0.00925 0.04880 0.81557 0.00245 0.00319 0.03704 0.08371
0.03288 0.24827 0.08665 0.10121 0.23899 0.06814 0.22386
0.34122 0.01773 0.03193 0.39335 0.00402 0.14681 0.06494
0.00000 0.03995 0.00000 0.00016 0.95814 0.00171 0.00004
0.30233 0.15110 0.09152 0.04267 0.00349 0.20582 0.20306
0.00421 0.09895 0.01174 0.26768 0.00006 0.61526 0.00210
0.00141 0.01240 0.03106 0.09832 0.00362 0.81764 0.03554
0.21511 0.06816 0.12155 0.11878 0.00796 0.27372 0.19471
0.00016 0.33262 0.00022 0.01106 0.49536 0.15481 0.00576
0.00730 0.07271 0.03406 0.02801 0.00233 0.82582 0.02976
0.00270 0.05256 0.08436 0.05532 0.04087 0.69458 0.06962
0.00789 0.00190 0.00249 0.96729 0.00015 0.01342 0.00686
0.00053 0.00787 0.00056 0.00160 0.97250 0.00742 0.00951
0.09081 0.06682 0.04515 0.65781 0.00168 0.08021 0.05752
0.00000 0.00023 0.00000 0.00006 0.99925 0.00043 0.00002
0.00442 0.39831 0.02609 0.25081 0.00309 0.19667 0.12059
0.31674 0.07189 0.13741 0.17881 0.00053 0.19350 0.10112
0.00024 0.00704 0.00084 0.00083 0.97728 0.00445 0.00932
0.14705 0.04149 0.04585 0.17608 0.00308 0.46506 0.12140
0.01072 0.16712 0.20444 0.03445 0.02398 0.43159 0.12770
0.00559 0.05913 0.17121 0.03463 0.00429 0.60300 0.12215
0.03806 0.20271 0.12101 0.02306 0.12565 0.13670 0.35283
0.06303 0.03546 0.01311 0.11524 0.00364 0.56929 0.20023
0.00260 0.28211 0.05116 0.03703 0.01884 0.54904 0.05922
0.42774 0.00741 0.00621 0.37846 0.00033 0.13740 0.04245
0.01669 0.04181 0.00770 0.68573 0.00075 0.22274 0.02459
0.24287 0.03139 0.24933 0.09860 0.00297 0.24223 0.13261
0.07757 0.19714 0.26031 0.04018 0.00254 0.31466 0.10761
0.02494 0.04082 0.19366 0.07148 0.00120 0.15942 0.50847
0.06283 0.02414 0.43338 0.05778 0.02501 0.15435 0.24251
0.00287 0.00994 0.00427 0.22567 0.00446 0.74648 0.00630
0.00585 0.03459 0.03341 0.07665 0.00673 0.78790 0.05487
0.11758 0.05546 0.02592 0.08189 0.01314 0.47299 0.23301
0.00075 0.02233 0.00128 0.00335 0.88397 0.01987 0.06846
0.01578 0.48443 0.02681 0.12091 0.00840 0.27290 0.07077
0.00020 0.82169 0.00024 0.13909 0.00000 0.03865 0.00011
0.00064 0.04113 0.00086 0.04443 0.72938 0.07919 0.10436
0.11339 0.18502 0.02065 0.23336 0.00312 0.38591 0.05854
0.08261 0.03362 0.03750 0.60142 0.00207 0.15417 0.08862
0.00536 0.00508 0.00413 0.03209 0.68421 0.20292 0.06621
0.02936 0.51288 0.03380 0.04764 0.06047 0.04252 0.27332
0.00363 0.05444 0.00612 0.76165 0.00003 0.16966 0.00448
0.00173 0.02299 0.00047 0.84851 0.00060 0.11972 0.00598
0.01682 0.45978 0.01431 0.08970 0.00578 0.34517 0.06843
0.00687 0.00016 0.00438 0.00738 0.00016 0.97892 0.00213
0.79480 0.05573 0.07415 0.00681 0.00068 0.02997 0.03786
0.00447 0.02407 0.00152 0.87763 0.00730 0.02261 0.06240
0.71094 0.02817 0.00618 0.21654 0.00005 0.01947 0.01866
0.48006 0.02337 0.01385 0.30385 0.00070 0.05560 0.12256
0.00943 0.00142 0.01087 0.17816 0.00279 0.78967 0.00766
0.57089 0.11906 0.11841 0.07928 0.00054 0.03989 0.07193
0.12188 0.05233 0.27637 0.15439 0.04225 0.10780 0.24497
0.05592 0.06450 0.02037 0.24052 0.01991 0.27164 0.32713
0.01026 0.03932 0.08242 0.13913 0.01736 0.68754 0.02397
0.07581 0.06975 0.02675 0.64011 0.00277 0.11566 0.06915
0.09380 0.22378 0.01423 0.22974 0.00370 0.34516 0.08958
0.00671 0.25362 0.06356 0.07716 0.00318 0.41009 0.18569
0.02740 0.05166 0.00187 0.63563 0.00257 0.24592 0.03494
0.00001 0.99844 0.00000 0.00035 0.00003 0.00106 0.00012
0.21168 0.31555 0.03768 0.02297 0.00369 0.25569 0.15275
0.00308 0.04962 0.03705 0.06243 0.00037 0.83247 0.01498
0.18950 0.01909 0.02711 0.40642 0.00239 0.20490 0.15058
0.10300 0.07418 0.20463 0.06102 0.04562 0.27881 0.23274
0.07951 0.06444 0.02992 0.56733 0.00212 0.16933 0.08735
0.00074 0.03539 0.00039 0.90653 0.00012 0.05478 0.00206
0.03288 0.24827 0.08665 0.10121 0.23899 0.06814 0.22386
0.01003 0.01179 0.00993 0.83201 0.00076 0.12050 0.01498
0.03288 0.24827 0.08665 0.10121 0.23899 0.06814 0.22386
0.03348 0.17396 0.07768 0.15172 0.00475 0.34757 0.21083
0.00809 0.02278 0.04044 0.00809 0.81415 0.04035 0.06610
0.05681 0.01352 0.00390 0.87961 0.00039 0.02890 0.01687
0.00060 0.13458 0.00750 0.01176 0.00048 0.83319 0.01190
0.01373 0.36004 0.00191 0.04724 0.36041 0.14452 0.07215
0.04040 0.03653 0.69302 0.06022 0.00125 0.09469 0.07389
0.31127 0.39582 0.00921 0.09003 0.00224 0.10544 0.08599
0.42686 0.00827 0.01213 0.45463 0.00041 0.04245 0.05525
0.37867 0.00640 0.38394 0.12389 0.00117 0.03060 0.07533
0.00003 0.00061 0.00054 0.00194 0.00002 0.99668 0.00018
0.00156 0.34650 0.01109 0.26851 0.00131 0.36953 0.00149
0.00125 0.00060 0.00949 0.01227 0.00099 0.95734 0.01807
0.00047 0.01209 0.00464 0.00141 0.90419 0.00823 0.06897
0.00001 0.00046 0.00001 0.00040 0.99443 0.00151 0.00318
0.00307 0.51222 0.00117 0.00205 0.00350 0.47734 0.00066
0.00594 0.03497 0.04359 0.14619 0.07811 0.37611 0.31509
0.10952 0.10076 0.02256 0.23547 0.00523 0.43130 0.09516
0.01466 0.00298 0.02056 0.05820 0.00026 0.89606 0.00729
0.04249 0.02830 0.21107 0.15419 0.00841 0.45634 0.09920
0.00000 0.00013 0.00000 0.00005 0.99959 0.00008 0.00014
0.02224 0.03565 0.03400 0.51165 0.00610 0.26878 0.12159
0.05990 0.01174 0.00566 0.83885 0.00054 0.03904 0.04425
0.00001 0.01978 0.00078 0.00127 0.00112 0.97663 0.00042
0.01929 0.24727 0.00486 0.26063 0.00072 0.44965 0.01758
0.01727 0.02995 0.22236 0.01935 0.00179 0.57440 0.13489
0.85619 0.02940 0.00767 0.03709 0.00016 0.04796 0.02153
0.02487 0.00488 0.00348 0.91296 0.00008 0.03988 0.01385
0.05828 0.03307 0.01243 0.71995 0.00235 0.13301 0.04091
0.02257 0.00946 0.24296 0.05103 0.02133 0.59765 0.05499
0.00057 0.16718 0.03623 0.00175 0.00112 0.73072 0.06242
0.00277 0.10706 0.05329 0.39177 0.00064 0.40328 0.04119
0.00286 0.02236 0.10306 0.03434 0.01024 0.78381 0.04333
0.25897 0.00819 0.38419 0.12584 0.00549 0.14525 0.07208
0.16025 0.08593 0.00544 0.16734 0.00472 0.31054 0.26579
0.01273 0.09830 0.01128 0.86840 0.00005 0.00877 0.00048
0.03288 0.24827 0.08665 0.10121 0.23899 0.06814 0.22386
0.00162 0.95588 0.03123 0.00081 0.00001 0.00158 0.00887
0.13078 0.33938 0.01403 0.09950 0.00117 0.31393 0.10121
0.00226 0.09029 0.15180 0.07841 0.00033 0.66105 0.01587
0.19103 0.02412 0.03255 0.50666 0.00217 0.13214 0.11132
0.11368 0.06398 0.02423 0.51970 0.00230 0.20310 0.07302
0.00816 0.03199 0.15920 0.11294 0.00441 0.58862 0.09468
0.48750 0.00475 0.09690 0.20029 0.00022 0.14704 0.06330
0.01369 0.14515 0.00117 0.25169 0.00040 0.57680 0.01109
0.33869 0.03905 0.07743 0.15550 0.00075 0.35346 0.03512
0.64604 0.05119 0.01138 0.03320 0.00392 0.14538 0.10890
0.03121 0.11643 0.34762 0.11074 0.00349 0.27627 0.11424
0.10899 0.11962 0.02280 0.13212 0.00395 0.55075 0.06176
0.00153 0.12221 0.00922 0.38093 0.01377 0.42287 0.04947
0.06981 0.00435 0.02158 0.77795 0.00053 0.08007 0.04571
0.00000 0.00040 0.00000 0.00002 0.99928 0.00021 0.00008
0.27593 0.00101 0.00826 0.68682 0.00002 0.01550 0.01247
0.00090 0.01959 0.00447 0.06048 0.00075 0.90063 0.01318
0.00069 0.02513 0.00307 0.01072 0.82775 0.05210 0.08055
0.23887 0.68957 0.00648 0.02102 0.00007 0.02287 0.02113
0.01969 0.00405 0.02334 0.55595 0.00050 0.38334 0.01313
0.00799 0.35646 0.15765 0.03599 0.04345 0.16179 0.23666
0.03697 0.10088 0.03024 0.06822 0.00373 0.63370 0.12625
0.02482 0.89138 0.01059 0.00794 0.00035 0.05567 0.00926
0.36991 0.03055 0.02271 0.46038 0.00120 0.07225 0.04300
0.01890 0.01640 0.01076 0.81956 0.00073 0.07014 0.06351
0.01500 0.01229 0.02984 0.12175 0.00326 0.74919 0.06868
0.00599 0.14233 0.03487 0.10119 0.00652 0.58187 0.12724
0.00287 0.78780 0.01153 0.00282 0.13398 0.02817 0.03282
0.01070 0.13114 0.51689 0.00655 0.01924 0.06265 0.25283
0.00906 0.01269 0.04670 0.42955 0.00094 0.46168 0.03937
0.00129 0.00090 0.02784 0.01584 0.19132 0.61293 0.14988
0.01262 0.02024 0.13444 0.05971 0.00162 0.75916 0.01221
0.00003 0.98975 0.00000 0.00863 0.00000 0.00157 0.00002
0.00051 0.01740 0.00014 0.00438 0.91223 0.01329 0.05207
0.22504 0.02226 0.04017 0.41902 0.00251 0.19430 0.09670
0.00171 0.02579 0.00480 0.07729 0.00241 0.87644 0.01155
0.00540 0.01498 0.03243 0.06335 0.00459 0.86376 0.01549
0.00026 0.00591 0.00130 0.00106 0.96250 0.00658 0.02239
0.00057 0.06835 0.03297 0.00552 0.17216 0.69781 0.02260
0.00233 0.73626 0.01135 0.04884 0.00125 0.17364 0.02634
0.04720 0.03096 0.47826 0.03308 0.05690 0.08008 0.27352
0.00757 0.97406 0.00109 0.00364 0.00002 0.00015 0.01347
0.00121 0.10468 0.00811 0.38709 0.09182 0.16243 0.24467
0.00190 0.30418 0.00412 0.25939 0.00049 0.40655 0.02338
0.00298 0.39397 0.01312 0.04959 0.05512 0.31040 0.17482
0.00203 0.04252 0.02741 0.00749 0.71886 0.11362 0.08808
0.00251 0.94337 0.00730 0.01206 0.00046 0.02860 0.00571
0.02098 0.33214 0.02871 0.03199 0.00413 0.44476 0.13729
0.08094 0.00660 0.66507 0.03154 0.00018 0.18204 0.03364
0.00553 0.77309 0.00201 0.13149 0.00336 0.05544 0.02908
0.00244 0.02954 0.00580 0.01274 0.83434 0.02254 0.09259
0.08075 0.00518 0.01328 0.79500 0.00025 0.04817 0.05738
0.09247 0.21326 0.01743 0.02080 0.02273 0.50722 0.12609
0.00008 0.99677 0.00265 0.00002 0.00000 0.00008 0.00040
0.00972 0.05861 0.02996 0.51063 0.00212 0.37095 0.01800
0.00223 0.08125 0.01367 0.00398 0.81691 0.03046 0.05151
0.00058 0.02868 0.00088 0.00274 0.94687 0.01247 0.00778
0.01110 0.12214 0.01983 0.13039 0.00236 0.62953 0.08466
0.17636 0.06586 0.13557 0.07951 0.01034 0.32447 0.20789
0.11317 0.13593 0.05024 0.35879 0.00503 0.18147 0.15537
0.00344 0.00782 0.01265 0.03596 0.00460 0.91763 0.01790
0.02733 0.02137 0.05108 0.86168 0.00019 0.03149 0.00686
0.00017 0.49339 0.00313 0.00693 0.00024 0.49576 0.00039
0.01089 0.01518 0.68289 0.00582 0.00068 0.25915 0.02538
0.00263 0.04085 0.00508 0.11841 0.36603 0.09435 0.37265
0.02835 0.04585 0.32156 0.02034 0.29603 0.03886 0.24902
0.00074 0.02906 0.00193 0.04883 0.73147 0.07952 0.10846
0.00055 0.00344 0.00042 0.00386 0.93168 0.00252 0.05753
0.00172 0.61441 0.00074 0.10572 0.00046 0.27053 0.00642
0.00813 0.53322 0.00566 0.03078 0.00776 0.26081 0.15363
0.37921 0.04736 0.03243 0.23607 0.00192 0.22156 0.08145
0.00029 0.00674 0.00004 0.00429 0.97676 0.00229 0.00958
0.01177 0.03602 0.29898 0.12309 0.01455 0.43212 0.08347
0.00361 0.62219 0.02863 0.01218 0.01230 0.25793 0.06315
0.00407 0.17781 0.00438 0.12357 0.00042 0.67447 0.01528
0.00016 0.96430 0.00104 0.01951 0.00001 0.01436 0.00062
0.02082 0.24492 0.07741 0.01305 0.05470 0.30688 0.28222
0.65981 0.31457 0.00130 0.00792 0.00001 0.00604 0.01035
0.00000 1.00000 0.00000 0.00000 0.00000 0.00000 0.00000
0.01030 0.02577 0.04749 0.14523 0.00145 0.75861 0.01115
0.19466 0.12105 0.17982 0.11166 0.00942 0.15808 0.22531
0.13915 0.01250 0.00591 0.68205 0.00234 0.04381 0.11424
0.00205 0.79487 0.01363 0.00501 0.04280 0.06239 0.07926
0.15896 0.05256 0.03245 0.36969 0.00120 0.19154 0.19361
0.01278 0.59121 0.06711 0.01860 0.11757 0.08132 0.11140
0.00001 0.00010 0.00002 0.00003 0.99925 0.00012 0.00047
0.00045 0.00050 0.00722 0.00872 0.07892 0.06758 0.83662
0.03288 0.24827 0.08665 0.10121 0.23899 0.06814 0.22386
0.01142 0.03607 0.05850 0.30420 0.00033 0.56100 0.02849
0.01723 0.03538 0.06335 0.22565 0.00084 0.64297 0.01458
0.00019 0.05759 0.01027 0.00111 0.00003 0.92792 0.00289
0.01716 0.41038 0.00530 0.09670 0.13590 0.14377 0.19078
0.02461 0.35405 0.15384 0.02557 0.06932 0.14405 0.22856
0.00269 0.14279 0.07501 0.00354 0.00191 0.67420 0.09986
0.28634 0.00875 0.19336 0.32670 0.00286 0.07996 0.10203
0.00022 0.96393 0.03367 0.00002 0.00002 0.00045 0.00169
0.00446 0.77157 0.02690 0.00372 0.00705 0.11979 0.06651
0.02762 0.00903 0.02028 0.55536 0.00035 0.30140 0.08597
0.07485 0.43897 0.00415 0.43379 0.00036 0.02458 0.02329
0.08778 0.27385 0.07983 0.06301 0.02768 0.21889 0.24897
0.00968 0.29794 0.35726 0.02256 0.00877 0.19308 0.11072
0.03519 0.09765 0.05615 0.30123 0.00659 0.35168 0.15151
0.05079 0.07220 0.04922 0.12846 0.00763 0.55234 0.13935
0.00469 0.02172 0.82016 0.02087 0.00074 0.11409 0.01773
0.03500 0.02548 0.03333 0.20928 0.00455 0.46213 0.23023
0.00043 0.32344 0.05584 0.00102 0.00110 0.61367 0.00449
0.00685 0.04215 0.02445 0.24046 0.00406 0.57909 0.10294
0.00666 0.47656 0.03908 0.01749 0.04379 0.22068 0.19575
0.01422 0.15610 0.00814 0.23964 0.00168 0.53831 0.04192
0.01906 0.03762 0.22888 0.30755 0.00346 0.34048 0.06295
0.00768 0.05437 0.38005 0.10186 0.00052 0.44159 0.01393
0.00100 0.86252 0.00457 0.00103 0.00221 0.10755 0.02111
0.00216 0.03416 0.01554 0.01516 0.00222 0.89239 0.03836
0.01059 0.35178 0.00359 0.11918 0.00030 0.49547 0.01909
0.00097 0.14330 0.01685 0.06942 0.00476 0.73571 0.02900
0.07198 0.48296 0.23870 0.02113 0.00049 0.13882 0.04593
0.00804 0.05920 0.03029 0.16376 0.00599 0.65202 0.08070
0.08600 0.04215 0.06296 0.41484 0.00231 0.22136 0.17038
0.04926 0.06210 0.04113 0.28990 0.00347 0.39882 0.15531
0.01193 0.13884 0.09518 0.01096 0.00609 0.37429 0.36271
0.00297 0.04631 0.30788 0.01717 0.00035 0.58377 0.04155
0.04685 0.03724 0.03526 0.14410 0.00176 0.41405 0.32074
0.00662 0.00019 0.00007 0.98955 0.00000 0.00216 0.00141
0.08143 0.86658 0.03136 0.00233 0.00003 0.00443 0.01384
0.00051 0.00036 0.00017 0.98618 0.00002 0.01135 0.00141
0.00013 0.04626 0.00572 0.00074 0.00001 0.94604 0.00111
0.04194 0.03691 0.07515 0.16012 0.00664 0.62004 0.05920
0.00074 0.30149 0.02766 0.00847 0.00190 0.27112 0.38863
0.26540 0.08159 0.00443 0.54121 0.00033 0.08446 0.02258
0.00003 0.00027 0.00288 0.00509 0.00023 0.99053 0.00097
0.01455 0.00399 0.00030 0.97316 0.00003 0.00513 0.00284
0.00000 0.00052 0.00000 0.00017 0.99806 0.00052 0.00073
0.00234 0.03848 0.00762 0.08476 0.14178 0.67033 0.05469
0.00619 0.19225 0.06608 0.03592 0.00498 0.65711 0.03747
0.15060 0.05002 0.07089 0.27416 0.00266 0.07822 0.37345
0.01238 0.68481 0.04386 0.02247 0.03679 0.09911 0.10058
0.00915 0.05255 0.12474 0.15692 0.09459 0.40877 0.15328
